-0.308354
-0.440553
0.208526
0.464592
-0.652078
-0.250909
0.460838
0.537446
0.488978
0.177365
0.003431
0.329718
-0.388027
0.443617
-0.427000
0.294414
0.362908
-0.215820
-0.179350
0.468952
0.173006
-0.159928
-0.649100
-0.204296
-0.300240
0.530195
0.008438
-0.137874
-0.282933
0.344177
-0.386258
0.331920
-0.404385
-0.359455
0.431705
0.210080
0.203476
-0.121343
-0.567701
0.699209
-0.088154
0.199160
-0.058503
-0.253196
0.677456
-0.161741
-0.573139
-0.502271
0.159108
-0.695756
0.000000
-0.066444
0.366447
0.549142
-0.171581
-0.203951
0.339127
-0.448192
-0.510601
-0.457557
-0.605466
0.638008
-0.062992
-0.456133
-0.574952
-0.672536
0.591266
0.115603
-0.653675
0.058503
-0.532914
0.594676
-0.477843
-0.556393
-0.544481
-0.698950
0.002525
0.108093
-0.067869
0.039987
-0.355226
-0.043786
0.563471
-0.311548
0.362261
0.706157
0.340163
-0.705985
-0.471930
0.338437
0.322597
0.500242
0.233990
0.570291
0.199204
0.027989
-0.194974
-0.342623
-0.028550
0.597050
0.412153
0.000000
-12.066010
12.087288
-0.013652
-5.795639
5.910315
0.044621
5.757616
-5.756993
0.000000
17.128113
-17.273214
0.000000
-2.720703
2.757349
0.000000
5.533963
-5.621864
0.000000
1.031483
-0.945700
0.000000
2.585379
-2.652235
0.000000
2.802397
-2.938402
0.000000
-28.355330
28.364434
0.000000
23.569124
-23.577661
0.000000
11.565375
-11.632870
0.000000
6.891442
-6.929287
0.000000
-13.968873
13.899644
0.000000
36.094820
-36.089060
0.000000
-6.194655
6.116281
0.000000
12.677291
-12.564049
0.000000
-1.272147
1.201374
0.000000
-4.934949
4.898382
0.000000
-6.879548
6.924359
0.000000
8.167844
-8.085152
0.000000
-11.222201
11.079110
0.000000
58.676196
-58.640777
0.000000
-6.419000
6.277831
0.000000
14.958259
-14.897497
0.000000
19.678963
-19.549632
0.000000
4.361718
-4.558592
0.000000
-7.435985
7.276337
0.000000
-9.806751
9.816783
0.000000
-0.861577
1.086469
0.000000
-14.347242
14.215758
0.000000
-9.253695
9.056055
0.000000
-3.105132
3.067291
0.000000
0.303596
-0.370416
0.000000
-41.387716
41.551192
0.000000
10.237300
-10.320794
0.000000
-37.525978
37.533625
0.000000
-13.317189
13.456539
0.000000
-19.968696
20.153469
0.000000
-19.292113
19.363499
0.000000
20.539087
-20.486596
0.000000
10.816214
-10.980425
0.000000
23.623678
-23.720561
0.000000
-2.599469
2.815043
0.000000
22.500615
-22.247367
0.000000
-10.415822
10.633091
0.000000
11.347212
-11.332254
0.000000
-17.867613
17.869971
0.000000
9.536781
-9.702267
0.000000
-31.451146
31.503540
0.000000

