0.000971
-0.024507
-0.006768
0.001712
-0.012245
0.015139
-0.026858
0.013411
0.008500
0.029894
-0.025423
-0.017085
0.032470
0.005188
-0.006095
0.020575
0.011182
0.009428
0.017033
-0.004386
-0.015335
0.034687
0.033718
-0.009842
-0.022665
-0.009338
0.016173
0.034869
0.026825
-0.017686
0.017870
-0.007873
-0.006525
-0.024567
0.029508
0.016900
0.026241
-0.033019
-0.005358
-0.000928
0.032544
0.004887
0.017655
0.029345
-0.025594
-0.024109
0.014250
0.021256
0.020988
-0.004385
-0.018798
-0.030015
-0.005367
-0.020749
-0.004189
0.007637
0.005582
-0.023684
0.006838
-0.003261
-0.005702
-0.010961
0.024535
0.023442
0.000141
0.018374
0.004673
-0.009287
0.021023
0.034984
0.025454
0.017898
0.004202
0.007440
0.011574
0.014277
0.019000
-0.009845
-0.000136
0.004319
0.021439
0.016735
0.009973
-0.019596
0.031655
-0.029885
0.023710
0.001569
-0.017900
-0.005122
0.033976
0.012067
0.019586
0.022842
-0.000160
-0.015942
0.005547
-0.031155
0.010441
-0.009099
-0.031840
0.000226
-0.026870
0.008031
-0.028003
0.020373
-0.013361
0.026665
-0.025141
0.022172
-0.004684
0.031967
0.003238
-0.030380
-0.023298
-0.000776
-0.024596
-0.035257
-0.034876
-0.006827
-0.004710
0.034769
-0.030429
-0.020793
0.021942
0.005080
-0.001065
-0.008180
0.009593
-0.026294
0.018390
0.013422
0.009601
0.027189
-0.014217
0.017266
0.011893
0.008091
0.008263
0.022421
-0.005406
-0.032090
0.018720
0.033501
-0.026801
0.031091
-0.002943
-0.015728
0.031503
-0.002150
0.013113
-0.008876
-0.003050
0.018353
0.006000
-0.016777
-0.012236
-0.030734
0.010712
0.033026
-0.021359
-0.006567
0.010778
0.023911
-0.015047
0.032231
0.005508
0.032515
0.004653
-0.021898
0.019267
0.034915
-0.018319
0.002318
0.032748
-0.009452
-0.002260
-0.005865
0.010489
-0.006426
0.027654
-0.012067
0.020367
-0.011065
-0.029383
-0.009301
0.007827
-0.005951
-0.004366
-0.017129
-0.008594
0.009944
0.011973
-0.033485
-0.001814
0.032595
0.034415
-0.031974
0.029441
0.003398
-0.018203
0.013040
0.002645
-0.000853
-0.020311
-0.000276
0.025364
0.013099
0.029528
0.000184
-0.028996
0.021513
0.023786
0.027040
-0.025221
0.030071
-0.017929
0.018275
-0.011548
0.013373
-0.034523
0.015526
-0.012351
0.013118
0.017711
0.021504
0.010044
0.016456
0.025198
0.003817
-0.015814
-0.028674
-0.018812
0.022500
0.006142
-0.003454
-0.013445
-0.004163
-0.026024
-0.019586
0.031690
-0.019351
-0.033741
0.019807
-0.027979
-0.023293
0.014209
-0.010240
0.030651
-0.033008
-0.032536
0.031796
0.018187
-0.009218
0.009246
0.000229
-0.023384
-0.016379
-0.018984
-0.033854
0.023107
0.000871
-0.026859
-0.031374
-0.012298
0.014952
0.000840
0.009926
-0.024880
0.010485
0.026009
-0.028859
0.026803
0.027937
0.026616
0.034492
-0.031025
0.005157
-0.011417
0.035294
0.007817
-0.008284
0.031421
-0.009664
0.018167
0.004998
0.026233
0.030452
0.024289
-0.028419
0.032266
0.011727
0.008121
-0.030261
0.016021
0.031492
0.020359
-0.018807
0.005750
0.031148
0.027346
-0.003910
-0.033379
0.018480
-0.011642
0.028906
0.017303
-0.006999
-0.001606
-0.029782
-0.007373
-0.029457
-0.002397
-0.011621
-0.003453
-0.019900
0.029047
-0.012888
-0.025117
0.017666
-0.005639
-0.028519
-0.006276
-0.033187
-0.023111
-0.025924
0.033974
0.032917
-0.009062
0.004055
0.028396
-0.017385
-0.035524
0.030686
-0.034573
-0.011497
0.023923
0.018399
0.017174
-0.013352
0.024286
-0.025869
-0.007141
-0.013781
-0.001821
0.025075
0.001989
-0.008443
-0.023482
0.012541
-0.026445
0.006548
0.019691
0.002948
0.009031
0.032248
0.012693
0.007336
0.029496
-0.032038
-0.024278
0.022223
-0.013754
-0.024132
0.017240
-0.012658
0.000040
0.005494
-0.029928
-0.018456
0.027811
0.030027
-0.008656
-0.014998
-0.019422
0.025193
-0.025592
0.018235
-0.018919
-0.013405
-0.004893
-0.009695
0.028813
-0.020871
0.028922
0.002174
-0.024292
0.005946
-0.026158
-0.030465
0.009577
-0.014767
0.027427
0.031492
-0.003231
0.008999
-0.016835
0.032478
-0.021176
-0.011094
-0.021647
-0.029033
-0.016735
0.005366
-0.008362
-0.000489
-0.005110
0.001715
-0.017923
0.011640
0.023979
0.012853
-0.033724
0.017123
0.027651
0.030867
-0.016371
-0.032310
0.001144
-0.006861
-0.027106
-0.024949
0.014041
-0.035347
-0.029126
-0.024859
0.009320
-0.010292
-0.028050
0.023814
0.014284
-0.014029
0.030449
0.033217
0.027006
-0.013582
-0.002941
-0.013772
0.023802
0.014805
0.033537
0.012112
-0.008010
0.035482
-0.006433
-0.016028
0.030680
0.012864
-0.012669
-0.003845
-0.029666
-0.004106
0.006875
0.020044
-0.003785
0.013418
0.030853
-0.030133
-0.032542
-0.032866
0.029349
0.017410
-0.011226
0.024130
0.014958
-0.019888
-0.025121
-0.023651
0.002009
0.034350
0.026823
-0.000123
0.010794
-0.016856
-0.000310
-0.031308
0.002784
-0.005299
0.017225
0.025784
0.026525
0.023228
-0.013991
-0.002269
0.007603
0.017893
-0.024519
0.002787
0.023429
-0.021392
0.005590
0.017109
0.031687
0.030034
0.005570
0.010977
-0.025523
0.016118
0.022994
0.012155
0.014800
0.014148
-0.023637
-0.010075
0.032961
0.011722
-0.005714
0.000076
-0.029246
-0.024159
-0.009809
0.032948
0.034738
0.011869
-0.004989
0.006672
-0.005907
0.006161
-0.026210
-0.018147
0.020437
0.015050
0.034631
0.016456
0.009414
0.004532
-0.008237
0.019560
-0.015018
-0.020911
-0.003954
0.035451
0.028906
0.008077
-0.010293
0.026198
-0.015870
0.019661
-0.009394
-0.009447
0.031171
0.016466
-0.012168
0.030241
-0.007334
0.018512
0.001244
0.022428
-0.010996
0.010703
-0.031387
-0.026228
-0.009916
-0.032425
0.025896
0.035167
0.007776
-0.018009
0.019058
0.028427
-0.003251
-0.020565
0.028209
-0.010014
0.023181
-0.017753
-0.019484
-0.028357
-0.033761
0.006790
-0.002136
0.033079
-0.012413
0.021365
0.027651
0.015922
0.004208
-0.006774
0.002682
0.028881
-0.031739
0.006963
-0.033016
-0.005987
0.010207
0.028549
-0.006488
-0.017686
-0.025128
-0.023099
-0.024928
0.007289
-0.007995
-0.032388
0.032944
-0.020482
-0.014472
-0.022209
-0.013171
-0.012564
0.020250
0.020362
-0.015153
-0.027831
0.006059
-0.023171
0.023760
-0.025401
0.005724
-0.009227
-0.032189
0.009654
0.033404
-0.029536
-0.032002
0.007942
0.034682
-0.002821
0.025925
-0.026116
0.009749
-0.034671
0.016842
-0.033915
-0.031390
0.014118
-0.018729
-0.010193
0.027578
0.003769
0.012912
0.012159
-0.011537
0.033427
0.019996
0.030191
-0.025412
0.008087
-0.030879
0.015981
0.034529
-0.027400
-0.010034
0.032264
-0.021267
-0.006367
0.004538
-0.022254
0.026481
-0.005206
-0.012701
0.000560
-0.004208
-0.031528
0.002314
0.000071
0.018259
0.019254
0.025547
0.010168
-0.012645
0.002789
-0.013342
0.011487
0.000548
-0.029014
0.006009
0.010804
0.014742
0.010799
-0.008884
0.013602
0.019068
0.016751
0.010197
0.033469
-0.025285
-0.020934
-0.024454
-0.034473
0.009529
-0.001486
0.001756
-0.030347
0.002655
-0.031599
0.005393
-0.014755
0.023324
-0.004730
0.031081
-0.024989
0.033729
-0.017929
0.022166
-0.001392
-0.011275
-0.007493
-0.026257
-0.032202
-0.032364
0.000528
0.017069
0.022373
-0.018390
-0.008403
0.020173
-0.008007
0.006332
0.031388
-0.006811
-0.019808
-0.005767
0.030614
-0.014486
0.032556
0.034684
0.026575
-0.017868
0.022340
-0.013823
-0.022455
0.033019
-0.015764
-0.004716
0.019517
0.018513
0.019678
-0.023645
0.027924
0.023145
-0.020340
-0.007217
0.004545
-0.033636
0.010062
0.031810
0.022206
-0.033614
0.002473
0.017925
-0.004756
0.018334
-0.023511
-0.009811
-0.031821
-0.026624
-0.010795
0.030423
-0.008823
-0.024124
-0.019069
0.004391
-0.026774
0.000836
0.035344
0.028412
-0.016320
0.019353
-0.030903
-0.024064
0.006829
-0.015574
0.004388
-0.024295
-0.013542
-0.021219
-0.028154
-0.027005
-0.019164
0.009988
0.026589
0.011749
-0.007346
-0.032591
-0.033730
-0.003498
-0.023546
-0.008857
-0.008743
0.003300
0.002688
0.007857
-0.027978
0.011582
-0.026976
0.000000
-0.028303
0.004325
-0.007627
0.026719
0.009091
0.003978
-0.002121
0.029186
-0.027303
0.009252
-0.020025
-0.012853
0.016768
-0.011361
0.003652
-0.008913
-0.020441
-0.020268
0.019410
-0.017363
-0.018329
-0.019757
-0.005240
0.008483
0.007169
0.033729
-0.024499
-0.020644
-0.029918
0.022753
-0.011950
-0.022552
-0.008591
0.016092
-0.031502
-0.035169
-0.015599
0.002046
0.029685
-0.007233
-0.024371
-0.026008
0.015583
0.028066
-0.001701
-0.016434
-0.016516
0.013527
-0.001033
-0.032775
0.031833
0.016307
-0.016863
-0.009076
-0.010879
0.025975
-0.011016
0.000291
-0.030338
-0.005265
-0.012625
-0.006619
0.007852
0.014453
-0.026196
0.012019
0.014953
-0.006126
-0.021604
0.008969
0.022310
-0.010306
0.018630
0.002224
-0.017909
-0.018740
0.021459
0.001244
0.030456
-0.015242
0.004138
0.026619
-0.034604
0.022944
-0.018126
-0.009814
0.013250
0.006527
0.026146
0.018581
-0.034407
-0.022148
-0.023707
0.009114
0.027974
-0.014235
-0.014535
0.007258
0.015307
-0.000470
-0.019442
0.001948
0.024893
0.034856
-0.031496
-0.028685
-0.019553
0.025632
0.008228
-0.024766
-0.025279
-0.023302
-0.033815
-0.024214
0.035311
-0.016272
0.001641
0.012892
0.025923
-0.007882
-0.004196
0.027185
0.005640
0.007766
0.000631
-0.002055
0.029199
0.021764
-0.030466
0.008838
-0.014375
-0.014239
-0.024882
-0.025151
-0.015052
-0.020710
-0.018167
0.001064
-0.030747
0.025731
0.011967
-0.020357
-0.033240
0.013821
-0.008902
-0.033598
0.033218
0.028408
0.014962
0.023472
-0.015142
-0.024902
0.014989
0.026166
0.018532
-0.020049
-0.011558
0.012062
-0.033954
-0.006356
-0.014768
-0.012660
0.015074
-0.003982
-0.002142
-0.035647
0.010977
0.015360
0.001086
0.015899
0.005422
-0.022615
0.031211
0.007851
0.026875
-0.013359
0.009921
0.024424
-0.020620
-0.010785
0.012227
-0.000094
-0.000019
-0.008453
-0.009597
-0.017156
0.007167
0.014514
0.030575
0.008882
-0.027510
-0.019862
0.031891
0.023233
0.011825
-0.005920
0.023255
-0.012866
-0.026229
-0.011328
-0.032636
0.014862
0.001726
0.034244
-0.012956
-0.007068
-0.014784
0.032634
-0.018313
0.000265
-0.013820
0.029583
-0.035497
0.021830
-0.014539
-0.009425
-0.030994
0.028297
-0.030580
0.035250
0.001510
-0.022421
-0.020281
-0.002268
-0.034857
0.027213
0.027480
0.024066
-0.021322
-0.034418
-0.022930
-0.018289
0.016113
0.014464
-0.019713
-0.032511
-0.028273
0.001172
-0.035546
-0.010917
-0.034232
-0.013697
-0.017003
-0.034060
-0.027535
0.004127
-0.007817
-0.022861
-0.003245
-0.002727
-0.023280
0.033934
0.010521
-0.007892
-0.004004
0.011332
-0.016347
-0.012192
-0.000270
-0.002000
-0.010941
0.012468
0.015380
-0.030497
-0.008736
0.031335
-0.027339
-0.001340
-0.003162
-0.027216
0.023411
-0.001725
-0.005244
-0.029260
-0.000117
0.002890
0.010535
0.027735
0.015698
-0.028378
-0.010661
0.028087
-0.030113
0.035529
-0.015474
0.001552
0.011192
0.003848
0.025028
-0.024747
-0.033821
-0.021582
0.023390
0.017227
-0.016409
-0.021015
0.012893
-0.008079
0.013314
-0.025937
0.000373
0.001057
0.008006
0.030798
0.007465
-0.027779
-0.001981
-0.017668
0.035625
-0.021952
-0.010378
-0.010705
-0.029534
-0.004823
-0.010845
-0.009339
0.032398
-0.035322
0.030178
0.021757
-0.024399
0.032026
-0.035493
0.034660
0.013584
-0.016233
-0.022024
-0.009191
0.011356
0.026959
0.000540
-0.023939
-0.007653
-0.027122
-0.028810
0.035481
-0.019233
0.004878
-0.017856
-0.019277
0.018595
0.007435
0.005687
0.024730
-0.033057
0.030511
-0.020278
0.035010
0.030858
-0.025768
0.021099
-0.029210
-0.029411
0.021274
-0.030219
0.019842
-0.030628
-0.016573
-0.025018
0.016397
-0.025283
0.011191
0.028126
0.002733
0.019737
0.034985
0.002546
-0.035165
0.004195
0.020358
-0.018773
-0.012879
-0.007876
0.022583
-0.023818
-0.005264
0.017426
-0.008427
-0.005923
0.012615
0.001474
-0.020493
0.019075
0.007731
-0.034887
0.024525
-0.008096
-0.029846
-0.027717
0.002554
0.022220
-0.017331
-0.021924
0.014677
0.021071
0.033482
0.013994
-0.012052
0.033987
-0.017480
-0.027363
-0.020455
0.005309
0.000431
-0.033540
0.017160
0.030836
0.019554
-0.026935
-0.010756
-0.003499
0.010207
0.004420
-0.020093
-0.017730
0.005201
-0.031237
0.009842
0.011024
-0.023286
-0.023272
-0.002425
-0.004948
-0.009527
-0.023417
-0.019546
-0.011713
0.026245
0.004070
-0.013396
-0.026904
0.012377
0.001818
0.014074
-0.022862
0.003947
-0.004434
-0.027695
-0.012168
0.004299
-0.002782
0.020002
-0.021162
-0.034031
0.035578
-0.003223
0.006840
-0.031328
-0.029050
-0.017805
-0.018946
-0.016653
0.015438
0.011775
0.009489
0.027690
0.027898
0.033445
0.018266
-0.003701
-0.015620
0.027032
-0.026993
0.021867
0.005437
-0.014186
-0.009855
-0.034666
-0.006212
0.013646
0.005302
0.026675
-0.002020
0.019809
0.028314
-0.002112
-0.019083
-0.000516
0.002229
-0.012464
0.017348
0.018952
0.006552
-0.002883
-0.004942
-0.019627
-0.010862
-0.012713
-0.021851
-0.028264
0.019255
-0.001803
0.034436
0.027931
-0.015604
0.004204
-0.021924
0.010210
0.005207
0.007533
-0.011813
-0.025159
-0.001460
0.021835
0.030319
-0.008816
-0.015945
-0.024433
0.026337
0.021953
-0.001227
0.008016
0.005236
-0.030344
-0.030536
-0.035375
-0.014302
-0.005729
-0.012419
-0.000485
0.001676
-0.028833
0.033381
0.000443
0.034766
-0.017892
-0.031022
-0.022826
0.027987
0.009854
0.020376
-0.019495
0.020363
-0.016753
-0.033328
0.015014
0.010100
-0.013604
0.026250
0.000768
-0.027321
-0.010647
-0.026884
0.013584
-0.005322
-0.021751
0.013878
0.016045
0.008189
-0.034210
-0.020109
-0.025804
-0.027375
-0.022396
0.010307
-0.028277
-0.004619
0.014954
-0.015435
-0.012301
-0.010861
-0.030728
0.003873
-0.026166
-0.011813
0.006214
0.024516
0.033956
0.028278
0.015097
-0.000944
-0.034711
-0.031219
0.007840
0.014542
-0.000871
0.021759
-0.007249
-0.020495
-0.005721
-0.005791
-0.004935
0.004144
0.002503
0.008338
-0.021218
0.009895
-0.031950
0.029405
0.030129
-0.008582
-0.017124
0.035070
0.030960
-0.007622
-0.012411
0.001506
-0.018775
-0.014124
-0.005885
0.031991
0.020601
-0.004927
-0.034897
-0.007228
-0.026054
-0.000099
-0.021138
0.002365
0.015075
0.008810
0.032243
-0.025529
-0.022715
-0.000922
0.018478
-0.008264
-0.026696
0.022197
-0.014527
-0.032235
-0.022054
0.004017
-0.032834
-0.026762
0.032064
-0.009576
0.010412
-0.022380
0.011969
-0.031142
-0.026058
-0.003099
-0.000400
-0.025285
0.025342
0.009215
0.010284
-0.031465
-0.024088
-0.010310
0.013014
-0.027514
-0.000170
0.025968
0.007233
-0.017361
-0.017965
0.016206
-0.030833
0.003177
0.019639
-0.017219
-0.028475
0.022474
-0.008312
-0.032080
-0.022771
-0.033569
-0.018790
0.024867
-0.029042
-0.009179
-0.013901
0.006227
0.001204
-0.024229
-0.020227
-0.024180
-0.020025
-0.008647
0.001179
0.028657
-0.000492
-0.034660
0.018956
-0.028927
-0.016352
-0.034678
0.022947
-0.011516
0.004168
0.006918
0.006934
0.011362
-0.006277
0.034291
0.014951
0.006622
-0.034947
0.031830
-0.004180
-0.028320
-0.013018
0.017587
0.013575
0.023855
0.029027
0.029017
0.035344
-0.026667
-0.015298
0.000854
-0.033678
0.019879
0.001864
0.020947
0.026621
0.021181
0.021938
0.013899
-0.026005
-0.009563
-0.014852
0.016598
-0.033869
0.014540
0.015220
0.016751
-0.014507
0.015941
0.012912
0.016982
0.023290
0.035562
-0.001100
0.001196
0.023749
-0.007742
-0.005455
0.023424
0.001260
0.014916
-0.011391
0.003251
-0.000874
0.026142
-0.011471
-0.009922
0.011654
-0.025201
-0.031692
0.021318
0.000905
-0.010875
0.002247
0.002704
-0.032003
-0.018202
-0.016214
-0.010841
0.033408
0.032366
-0.029529
0.021029
0.032260
0.005040
-0.013443
0.020340
0.032967
0.016770
0.008095
-0.001442
-0.003983
0.032373
-0.033859
0.030812
0.022846
-0.009661
-0.014779
-0.001169
0.000807
-0.010802
-0.015520
-0.033957
0.013991
0.022396
0.004416
0.017657
-0.031474
0.023871
-0.028854
-0.033735
0.020569
-0.022713
0.022964
0.000000
0.017160
0.017995
-0.026148
0.001831
0.015293
0.026291
-0.025743
-0.021817
-0.013361
-0.029039
-0.020008
-0.018218
0.029477
0.006000
0.002672
-0.007361
-0.028862
0.027538
0.012788
-0.027150
0.005861
-0.000484
0.012934
-0.012152
0.003710
0.001136
-0.005336
0.005644
-0.013964
0.007619
-0.007061
-0.032473
-0.010055
0.002460
0.005027
-0.030430
-0.006919
0.014952
-0.016578
0.015389
0.021583
-0.000917
0.032840
0.015390
-0.030586
-0.000157
-0.027640
-0.023779
-0.008288
0.020817
-0.015261
0.033242
-0.015336
0.033343
-0.014579
0.024043
-0.001190
0.015753
-0.005981
0.020515
-0.012297
0.022627
0.023711
0.013318
-0.010582
-0.006931
0.018556
0.018168
-0.027647
-0.033691
-0.002112
0.029604
0.001061
-0.004941
0.009326
0.006144
0.030571
0.017355
0.018034
-0.013385
0.002503
-0.032895
-0.015813
0.022836
-0.035221
0.005277
0.011211
-0.000742
-0.014638
-0.030439
-0.015896
0.008734
0.027856
-0.027853
-0.013617
-0.018395
0.000884
-0.030730
0.035442
0.008906
-0.028752
-0.002339
0.002841
0.007978
0.028389
-0.023502
-0.021546
0.023292
0.029522
0.032157
-0.025762
-0.003643
0.034930
-0.005906
-0.016476
0.035378
0.035040
0.030404
-0.001033
-0.015267
0.035633
0.018740
0.029136
0.027821
0.026555
-0.020150
-0.026243
-0.008229
-0.015211
-0.026470
-0.034992
-0.008294
0.006860
0.003518
0.035353
-0.000420
0.015685
-0.021862
-0.012797
0.009538
-0.025374
-0.002890
-0.029774
-0.026112
0.026872
-0.010581
-0.026403
0.026243
-0.015846
0.008233
-0.024693
-0.015881
-0.008697
-0.031226
-0.023729
-0.017810
-0.015707
-0.014303
0.009629
0.004750
-0.005104
0.010306
0.032125
-0.033914
-0.021845
0.031810
0.001336
0.029509
-0.025720
0.024208
0.003379
-0.015425
-0.014352
0.009274
-0.005868
-0.023148
0.034362
0.003398
-0.032574
-0.017153
-0.024039
-0.021598
0.002635
0.002934
-0.017155
0.014575
0.020792
0.002807
-0.035397
-0.005248
-0.028111
-0.004833
-0.030611
-0.031655
-0.003078
-0.016787
-0.035513
0.033927
-0.022947
-0.025565
0.022465
0.016101
-0.005321
-0.027555
-0.010294
0.024479
-0.015034
-0.011601
-0.007792
-0.011939
0.006915
0.003838
0.002132
-0.026119
-0.028897
0.020646
0.024125
0.027564
-0.012215
0.024396
-0.013353
-0.004658
-0.016106
-0.008295
-0.000644
0.016486
0.010587
-0.000489
0.014743
0.023308
0.009615
0.001540
0.003740
-0.031375
0.009654
0.029115
0.028773
0.030288
-0.018156
-0.014688
-0.017320
0.024428
0.024819
0.020481
0.033978
0.031590
0.005459
0.022434
0.023485
0.028912
0.011161
-0.025537
-0.011415
0.030724
0.001837
0.023610
0.011541
-0.023246
-0.012547
-0.009385
-0.035606
0.032737
0.027824
0.003803
-0.034307
0.001809
-0.002751
0.030135
-0.003571
0.014762
-0.020222
0.014778
0.003522
-0.031072
-0.000410
0.001831
-0.035150
-0.030620
-0.011404
0.024003
0.033960
0.035425
0.034135
-0.013123
0.030481
0.000303
-0.025182
0.006353
0.012726
-0.002060
0.032637
0.012789
-0.004992
0.024793
-0.019076
-0.003630
-0.009067
0.013841
-0.009164
0.023030
-0.007065
0.006283
0.002139
0.032125
0.010881
-0.033940
-0.001713
0.011399
-0.028892
0.022551
-0.000266
-0.030600
0.022308
-0.001800
-0.008054
0.017120
0.034172
0.002433
-0.012196
0.011230
-0.035296
-0.015227
-0.011650
-0.004619
-0.026104
0.004943
0.027420
0.000498
-0.016885
-0.017413
-0.012140
0.011719
0.024539
0.025668
0.008176
-0.000249
0.027396
-0.029206
-0.024519
0.034174
0.029014
0.010884
-0.032095
0.015653
-0.026585
-0.004480
-0.002895
-0.028081
0.033621
0.020578
0.018818
0.033994
-0.030318
-0.028501
-0.006294
-0.020753
0.012111
-0.014543
0.015414
0.030895
0.003713
-0.032395
0.006945
-0.007417
0.028941
-0.020548
0.028003
0.020669
-0.014085
-0.032184
0.019174
-0.020740
0.014368
0.022748
0.030582
0.023452
-0.017402
-0.007982
0.031040
-0.019449
-0.023073
0.014189
-0.021124
-0.017723
0.021357
0.008251
-0.002807
-0.002201
0.029376
-0.023062
-0.006975
-0.002580
-0.019788
0.035639
0.025672
-0.026516
-0.020578
0.018006
0.029822
0.001006
0.021491
0.013326
0.015935
0.000190
0.000405
0.010848
-0.012026
0.018673
-0.032803
-0.016655
0.034892
-0.020207
0.033202
-0.021900
-0.002261
0.018890
0.022020
0.030601
-0.018980
0.015727
-0.028129
0.009713
-0.022521
-0.012249
0.009684
-0.032518
-0.003096
0.024775
0.021157
-0.008943
-0.009888
0.006979
-0.031285
-0.029622
-0.028500
0.004789
0.016894
-0.004857
-0.012208
0.019760
0.014156
-0.012984
0.035222
0.011690
0.000785
-0.002707
-0.005089
-0.012865
-0.007774
0.011599
-0.032806
-0.000235
-0.014356
-0.019659
0.023185
0.030996
-0.016508
-0.015579
0.020102
-0.031020
0.011146
-0.025455
0.011628
0.015530
-0.019409
0.018797
-0.015350
0.033154
-0.021729
0.008111
0.017246
0.028096
0.030796
0.016799
0.004116
-0.004088
-0.021577
0.034696
0.018716
0.006318
0.010626
0.021578
-0.029586
0.031939
-0.033750
0.029268
0.027266
-0.014589
-0.021980
0.011699
-0.009941
0.024835
0.021912
-0.033982
0.004696
-0.033166
0.020484
0.025015
0.035657
0.034423
-0.002543
0.017234
0.026850
-0.007416
-0.001636
-0.004702
0.024165
0.012456
-0.005675
0.007212
-0.016895
-0.030718
-0.006879
-0.010812
-0.034448
-0.004960
-0.017213
0.028486
0.016119
-0.003524
0.004516
-0.029490
-0.014358
-0.009241
-0.027803
0.026008
-0.006738
0.028349
0.015354
-0.006749
0.027104
-0.022858
-0.025184
0.018285
0.005396
0.008849
-0.022086
-0.006108
-0.014364
0.007908
-0.034566
0.004411
0.012859
-0.005776
0.029268
0.014080
0.024933
-0.023614
0.006898
0.005383
0.008531
-0.024255
0.011562
0.029842
0.002173
0.019427
0.020181
0.031104
0.012108
-0.000134
-0.011314
0.003543
0.012677
-0.000830
-0.013841
-0.017596
-0.027650
-0.000258
0.011965
-0.006345
-0.028018
0.013068
0.033735
0.020510
-0.028377
0.027334
-0.001079
0.032225
-0.031949
-0.029851
0.001939
0.012251
-0.018437
-0.022168
0.006425
0.019405
0.032928
-0.009063
0.014840
0.009367
0.026472
-0.032143
-0.022759
0.003480
0.002696
-0.000931
0.021553
0.010715
0.034480
-0.002151
-0.031299
-0.029207
-0.024752
-0.033233
0.026971
-0.017460
0.029770
-0.009777
-0.020904
0.033490
-0.003959
0.016704
0.010072
0.013273
0.030205
-0.019172
-0.002991
0.027465
0.007433
-0.023820
0.001163
-0.001764
-0.020295
0.014072
-0.033952
0.018070
-0.022528
0.023270
-0.006884
-0.023717
-0.014550
-0.002514
-0.017255
-0.003633
-0.000078
-0.025953
0.014576
-0.005977
-0.000062
0.029341
-0.008156
0.031648
0.010377
-0.033753
0.009252
0.004913
-0.017256
-0.029408
-0.003291
0.025846
-0.017560
0.033540
-0.011587
-0.002186
0.011944
-0.009870
-0.019785
0.025085
-0.022269
0.009000
-0.034300
-0.001149
-0.029183
-0.015887
0.030887
0.006407
-0.006171
0.009794
-0.035239
0.029436
0.003466
-0.007726
0.025415
-0.021826
-0.005810
-0.001001
0.018756
0.012602
0.005259
-0.020203
0.002779
0.023369
-0.022332
0.026861
-0.014486
0.025281
-0.018677
0.001398
0.014697
-0.005277
-0.025271
0.016066
0.029242
-0.018785
-0.035490
0.024460
0.023291
-0.005993
-0.001415
0.023721
-0.012225
-0.033617
-0.019674
-0.022479
-0.019774
0.010185
0.012189
0.034651
-0.012882
-0.018221
-0.021221
0.025566
-0.030521
-0.007884
0.016758
-0.009338
-0.018272
0.033750
0.027730
0.032094
-0.007196
-0.033210
0.012491
-0.013623
-0.016326
0.012670
-0.024832
-0.028704
-0.028992
0.009422
0.030685
-0.005548
0.011474
-0.024657
0.007642
0.027369
0.021196
-0.015838
0.026351
-0.027355
0.001610
-0.030539
0.033880
0.006758
-0.002754
0.014969
0.033089
0.014643
0.013050
0.025150
0.011069
-0.029815
0.027609
-0.012109
-0.007769
-0.024386
-0.035108
0.003068
-0.017422
-0.028431
-0.023178
-0.022405
0.001690
0.023964
-0.011394
-0.026337
0.015664
-0.025867
-0.006506
0.006346
-0.017553
0.030773
0.011477
-0.019342
0.001862
-0.026946
0.031296
-0.000717
0.023366
0.008678
-0.011236
-0.001233
0.014532
-0.019296
0.022327
-0.028906
0.000000
-0.008013
0.022888
0.009831
0.010234
0.030126
0.022322
0.023498
-0.003853
0.010617
-0.023565
0.005480
-0.009388
-0.013763
0.034642
0.032628
0.004353
0.029747
0.008435
0.020681
-0.004060
0.017158
0.016308
0.030892
0.004856
-0.010683
-0.016013
-0.032046
-0.031820
0.000360
0.025949
-0.025058
0.028016
0.013168
0.020442
0.002581
0.007625
0.007095
-0.009590
-0.031896
-0.017957
0.002513
0.009252
0.008324
0.024419
0.008226
0.005283
-0.006896
0.002304
-0.021950
-0.021884
0.033913
0.030877
0.030093
0.029136
0.000064
-0.016259
-0.022546
0.003687
-0.012411
0.013483
-0.006033
-0.001800
0.005830
-0.028533
-0.017027
-0.027258
0.014761
0.025737
-0.001180
0.018534
-0.027888
-0.034336
-0.007882
0.016105
0.025753
-0.035325
-0.014281
-0.016812
0.002647
-0.000562
-0.003027
0.000891
-0.005354
-0.008604
-0.005642
0.030379
0.010806
0.007481
-0.001603
0.034063
-0.014705
0.028033
-0.003405
0.026793
0.035169
0.015237
0.035204
0.014261
0.005305
-0.001645
-0.002874
0.013086
-0.000312
0.024913
-0.006478
-0.010228
0.025256
0.014910
0.008629
-0.007765
-0.021321
-0.030067
0.028795
0.008994
-0.003002
-0.012516
0.003705
-0.027865
0.030634
-0.033567
-0.029471
-0.019740
0.030135
0.002793
-0.028615
0.029635
-0.017639
-0.029080
0.008228
0.023335
0.004944
-0.030315
0.000752
-0.031037
0.030267
0.029943
-0.005596
0.019854
0.009184
-0.032635
-0.023580
0.023532
-0.027034
-0.030454
-0.003142
0.005633
-0.007300
-0.035107
0.013437
-0.012335
-0.033005
0.019635
0.003594
0.032800
-0.013241
0.010648
0.026766
0.004789
0.017237
-0.000675
-0.007544
-0.013488
0.004679
0.028877
-0.008856
-0.000723
0.023151
0.021218
-0.016538
-0.003334
0.024251
-0.004449
-0.015470
0.032887
0.000766
0.017056
0.002851
0.029134
0.017619
-0.019381
-0.018870
0.020283
-0.035414
0.020394
0.017414
-0.012986
-0.004627
0.008511
0.027472
-0.023059
-0.027833
-0.015741
-0.000878
0.012515
-0.022534
0.025936
-0.023876
-0.035051
0.011484
-0.004746
-0.002716
0.000067
0.026474
0.017483
-0.002715
-0.008429
-0.001130
-0.035533
-0.014964
-0.019180
-0.019245
0.001836
-0.034566
-0.018991
-0.013440
0.018517
0.003692
0.017602
-0.008641
-0.004506
0.030212
-0.000805
0.015422
-0.006334
-0.023958
0.028557
-0.016068
-0.012166
0.029175
0.031086
0.018757
-0.009210
-0.004516
0.009563
-0.027396
0.028437
-0.034535
0.007143
0.028573
-0.013830
0.023632
-0.026341
0.023675
0.024735
-0.009663
-0.025434
0.007583
0.029698
0.027837
0.034611
-0.010477
0.022381
-0.001862
-0.030724
-0.019622
0.009849
0.033502
-0.000021
0.033352
0.027008
-0.004604
0.016440
-0.017871
0.026549
-0.009666
-0.009598
0.019317
-0.008532
0.033214
0.012222
0.013307
0.021177
0.021550
0.001313
0.010244
-0.023782
0.011548
-0.017842
-0.029753
0.003717
-0.018900
-0.004561
-0.009571
0.014907
0.000384
0.006475
-0.010913
-0.001782
-0.029214
-0.013230
-0.010443
0.001850
-0.032459
0.007355
-0.007270
-0.006456
0.033426
-0.023622
0.020681
0.030971
0.024269
-0.001681
0.016479
0.010150
0.035301
-0.008946
0.022037
0.011181
0.008881
0.027953
-0.020771
0.025650
-0.012277
0.005326
0.004889
0.023776
-0.023867
0.029644
-0.013675
-0.017413
-0.019255
0.011552
0.020106
-0.016045
-0.016762
-0.022833
0.013168
-0.019004
-0.010785
-0.001820
-0.023702
-0.022185
0.032168
0.028446
0.023633
0.031800
-0.016168
0.010001
0.007312
0.028381
0.002285
0.022209
0.018363
0.025676
-0.008133
-0.012417
0.013784
0.003669
-0.018442
-0.035559
0.021925
-0.002028
0.011661
0.006362
0.017595
0.030568
0.019199
-0.004906
-0.024105
-0.027256
0.028943
-0.012138
-0.013772
0.025442
-0.019361
-0.025808
0.021573
0.000140
0.019862
-0.006784
-0.007148
-0.013523
-0.020243
-0.024454
-0.023515
0.007293
-0.001202
0.025938
-0.024707
0.016025
0.026047
0.032886
-0.021673
0.002039
0.003580
0.031591
-0.003062
-0.012890
-0.008983
0.008502
-0.004477
-0.015709
0.032033
0.017419
-0.025936
-0.022997
0.027280
0.031306
0.012812
0.011473
-0.011147
-0.030005
0.033619
0.004279
-0.018790
-0.025565
-0.024097
0.015677
-0.035296
-0.013136
-0.003967
0.026419
-0.015918
0.010029
-0.007210
0.023330
0.005952
0.025397
-0.025229
0.032637
-0.001770
0.005963
-0.018741
-0.005406
-0.012287
-0.009008
0.007266
-0.020676
-0.013371
-0.015591
0.026465
0.011151
-0.009927
0.024415
-0.020238
0.006952
0.034519
-0.008667
-0.013039
0.034891
0.013866
0.018662
0.025642
0.033616
-0.006977
-0.017237
0.021278
0.034643
-0.027509
0.031718
0.031612
0.006390
0.002011
-0.022797
-0.034685
0.025393
0.003864
0.008250
-0.030952
0.026162
0.028328
0.031182
0.001644
-0.017268
0.019929
0.017075
0.025353
0.018779
-0.027261
-0.023356
0.018002
0.022274
0.030976
0.007975
0.020221
-0.011670
0.026407
0.005830
-0.012696
0.034566
0.001879
-0.016753
0.005287
-0.031778
-0.003881
0.006271
0.029283
0.035652
-0.021147
0.034001
0.026144
-0.028489
0.029514
-0.007880
-0.010088
0.013774
-0.026474
-0.020404
-0.003115
-0.018066
-0.008091
-0.020782
-0.031461
-0.012784
0.022861
0.024429
0.011214
0.013599
-0.005410
0.034187
0.012497
0.032138
-0.018234
-0.017884
-0.035309
0.013553
0.024056
0.029643
0.013536
-0.032760
0.027975
0.004012
-0.025580
0.021820
0.031801
0.000001
-0.000075
-0.030342
0.015265
0.032479
-0.012740
-0.028494
-0.023972
-0.008533
-0.005610
0.034558
-0.019773
-0.030065
0.012488
0.010486
-0.031546
-0.010683
0.006955
-0.014112
0.007101
0.007315
0.035110
-0.004512
0.001289
0.012978
-0.001603
-0.006406
-0.018679
0.008485
-0.020255
-0.022548
-0.027183
0.015340
-0.017221
0.023751
0.012150
0.005708
0.030925
0.023846
0.032844
-0.010353
0.022735
-0.022598
-0.004749
-0.000445
0.023557
-0.000626
0.024541
-0.005157
0.020931
-0.004027
-0.033511
0.020372
0.027130
0.003447
-0.002319
-0.010143
0.032710
0.014670
0.034011
-0.023214
0.027791
-0.028840
0.027795
-0.025099
0.030580
0.004276
0.016278
0.025836
-0.007547
0.013453
-0.020186
-0.020480
0.026524
0.010734
0.014744
0.014412
-0.025561
0.003616
-0.026413
0.031038
0.035257
-0.024255
0.015741
0.026718
0.014860
-0.022247
-0.019093
0.011901
0.028092
-0.020751
0.024356
0.020215
-0.013922
0.016483
0.030785
-0.019012
-0.014910
0.011395
-0.028844
0.013212
-0.010821
-0.013361
0.028401
-0.019966
0.033041
0.007476
0.030115
-0.028189
-0.024577
-0.031966
-0.032820
-0.024989
-0.020553
0.018590
-0.033940
0.029977
0.032013
-0.017364
0.006209
0.024436
-0.002446
-0.005103
0.008983
0.019301
-0.024289
0.004099
-0.035380
-0.003531
-0.020175
-0.028555
-0.025988
0.004672
-0.006248
-0.033256
0.020375
-0.008875
0.009888
0.014822
-0.001395
0.020980
0.018524
0.001454
0.031660
0.033640
-0.015624
0.033389
0.027948
-0.019281
-0.019644
-0.001511
-0.030513
0.013579
0.029055
0.014138
-0.002789
-0.030904
-0.017432
-0.002500
0.001234
-0.001938
0.004613
0.010915
-0.032935
0.034034
0.013328
0.023109
-0.010510
-0.012453
0.002262
0.023763
-0.027142
-0.014882
-0.010451
-0.031151
-0.016911
0.009593
-0.033431
-0.024631
0.025981
-0.017407
0.009526
0.031137
0.031841
0.002912
0.009606
-0.006617
0.007677
0.027843
0.026551
-0.026757
-0.009764
-0.004505
0.019827
-0.007030
-0.006139
-0.002515
-0.019589
0.019019
0.020701
0.018342
0.007114
0.029228
-0.032210
0.032331
0.033745
-0.013451
0.006255
-0.035355
-0.002414
-0.003432
-0.017093
-0.028556
-0.007965
-0.020921
0.010025
-0.034027
0.008131
-0.017967
0.029484
-0.000987
-0.009055
-0.015948
0.030177
-0.024897
0.012691
-0.011631
0.008257
0.028770
-0.028281
-0.006711
0.011443
0.014502
-0.013152
0.014903
0.011164
-0.015076
-0.034218
-0.018249
-0.014762
-0.000963
0.013988
0.003814
0.006150
-0.029646
0.018562
-0.019494
-0.028004
-0.008976
-0.001792
-0.034189
0.025706
0.024822
-0.014468
0.020214
0.035593
0.033891
-0.027086
0.008181
0.026993
-0.019698
0.000000
-0.034199
0.002767
0.030473
-0.011682
-0.017999
0.005968
0.008911
-0.016548
0.023388
0.029818
0.018158
0.001707
-0.002037
-0.011361
0.007730
-0.019144
0.004814
0.015395
0.007549
-0.032647
0.016875
-0.002414
0.027843
-0.033262
-0.017869
0.027768
-0.035040
-0.009286
0.000280
0.027622
0.006684
0.001750
-0.005280
0.001488
0.025736
0.012390
-0.028213
-0.001022
0.031511
0.030844
-0.006873
0.014000
-0.003118
0.026759
-0.033029
-0.031056
-0.028053
0.007454
0.020007
0.015165
0.010475
0.001213
-0.022918
0.002650
0.003619
-0.005118
-0.005251
0.004248
0.021264
0.030697
-0.003799
-0.007720
-0.003222
0.026591
0.029437
-0.013155
0.003312
-0.034445
0.021493
-0.000846
0.032068
-0.021049
-0.022514
-0.006718
-0.029959
-0.019874
-0.002106
-0.022343
0.023248
-0.017767
0.028491
-0.001946
0.019114
-0.030096
-0.034964
-0.012935
0.000455
-0.004547
0.026982
-0.013949
-0.009518
-0.012485
0.013999
0.022929
-0.021563
0.007767
-0.025895
0.017417
0.008991
0.031267
-0.019097
0.005391
-0.025451
-0.005942
0.034341
-0.019741
0.009852
-0.003433
-0.006415
-0.002569
0.014469
-0.013593
0.031154
-0.002086
-0.008020
0.031859
0.020648
0.028104
-0.008357
0.011961
-0.021514
0.017794
0.035145
0.028155
0.005054
-0.022088
0.000253
0.014828
0.030999
-0.026425
0.010426
-0.023767
0.014635
0.020643
0.005959
0.013307
-0.034766
-0.019857
-0.025795
-0.005512
0.013243
0.024343
0.016564
0.008728
-0.013412
-0.027125
0.004918
-0.028433
-0.034689
0.032230
0.019197
-0.020534
0.014355
0.018673
-0.028048
-0.016260
0.032254
0.007874
0.034237
0.027584
0.017118
0.008994
-0.031852
-0.003916
-0.006032
0.009776
-0.026278
-0.005130
0.025587
-0.016403
0.025027
0.003161
-0.027729
0.005922
-0.023780
-0.005473
0.014466
0.016808
0.001763
0.015446
0.013369
-0.014709
0.030581
-0.007944
-0.031705
-0.033136
0.011465
-0.035120
0.010407
0.010033
0.028132
-0.008144
-0.016643
0.031948
0.023609
0.012994
0.006055
0.033000
-0.027804
-0.004026
-0.019072
0.032891
0.034803
-0.011133
0.003144
-0.024645
0.019064
-0.018058
0.027831
-0.014842
0.033057
0.005532
0.006118
0.027969
0.033256
0.010081
0.030502
0.009052
0.010629
0.005240
-0.016584
0.003093
0.032766
0.002442
-0.000628
0.020706
-0.020233
-0.030242
0.018037
-0.012369
0.001401
0.034634
-0.015146
0.000535
-0.012167
0.023667
0.011559
-0.028773
-0.030060
0.003721
-0.007946
-0.032672
-0.026416
0.033840
0.030966
-0.028829
0.008252
0.025799
0.015892
-0.016787
-0.004629
0.034976
0.021974
-0.007533
0.001749
-0.014322
-0.022496
0.017185
-0.008895
0.031211
-0.030853
0.028174
0.030176
-0.010330
-0.006959
-0.017660
-0.022331
-0.031069
-0.010764
-0.016722
0.008321
0.016959
-0.013725
0.017574
0.015130
-0.018428
0.024414
-0.012286
-0.028298
0.004637
0.006596
0.002742
0.003944
-0.007098
0.030878
-0.029976
0.014248
-0.027287
0.022878
-0.030316
-0.031745
0.027694
0.033527
0.034100
-0.018304
-0.009101
-0.019229
-0.004967
-0.004502
0.005676
0.013980
-0.031850
-0.013034
-0.035414
0.021393
-0.033572
-0.018173
0.010138
-0.010189
-0.010802
-0.020894
0.032076
0.027608
0.018719
-0.010692
0.022817
0.024412
-0.032113
0.031199
0.011621
-0.026760
0.035123
0.003647
-0.028902
0.033554
0.021011
-0.002334
-0.021344
-0.019625
0.028833
0.020001
0.030024
0.032652
-0.028702
0.030279
0.018376
-0.026605
-0.023563
-0.007155
-0.001126
0.001303
0.007620
-0.004719
-0.006758
-0.009330
0.020258
-0.019610
-0.020587
0.023814
-0.024080
0.026704
0.032723
-0.024625
-0.005319
-0.031847
-0.026740
-0.019976
0.001488
-0.012415
-0.003932
-0.005348
-0.028083
-0.009577
-0.008365
-0.021115
-0.014967
-0.025657
-0.012052
-0.002862
0.002857
0.022491
0.034110
-0.025192
-0.017897
-0.008317
0.001147
-0.033307
0.007742
0.016229
0.026176
0.019331
0.007264
0.023230
0.030375
-0.033724
0.027052
-0.032034
-0.018031
-0.007129
-0.008780
0.013705
0.023191
-0.001194
-0.031541
-0.020842
0.013359
-0.010839
-0.010831
-0.034361
0.021968
0.027695
0.023799
0.020409
-0.033166
-0.029766
-0.023576
0.003649
-0.027405
0.019835
-0.015791
0.034440
0.003497
0.027141
0.022002
-0.001797
0.029086
0.013385
0.001838
-0.024614
-0.029413
0.028726
0.024760
0.029447
-0.008136
0.028888
-0.027064
-0.030446
-0.017620
-0.002226
-0.029138
-0.031320
-0.010200
0.030330
0.024758
-0.007698
-0.035105
-0.034487
0.031620
-0.026841
0.021016
-0.019840
-0.028070
-0.011156
-0.028368
0.029600
0.022716
-0.034950
0.007316
-0.011115
-0.023895
0.013572
-0.018058
-0.034804
0.007350
0.009475
0.029753
0.015955
0.014698
-0.023536
-0.021940
0.021229
-0.019187
0.003529
0.015890
-0.030098
0.031500
0.016454
-0.028916
0.027451
0.025281
0.027769
-0.028058
0.032880
-0.019055
-0.020757
0.026811
-0.032008
-0.020038
-0.001542
-0.007455
-0.008265
-0.023638
0.010157
-0.007400
0.019381
-0.016037
-0.013316
-0.000333
0.034330
-0.001183
0.013396
0.019890
0.015299
-0.018744
0.000112
0.020870
-0.022913
-0.019103
0.027623
-0.031131
-0.029491
0.019723
-0.023521
-0.032281
-0.035001
-0.008609
0.030199
-0.031341
0.007022
-0.007011
-0.003126
0.034426
0.005019
-0.028638
-0.008643
-0.011269
-0.009006
0.013710
0.024067
-0.010345
-0.023142
0.001794
-0.026123
0.027826
0.018719
0.009657
0.013027
0.031474
0.026223
0.004982
-0.035326
0.032400
-0.010964
-0.023177
-0.035549
-0.010296
0.003883
0.030319
-0.005968
-0.024764
-0.012362
0.026574
-0.026007
0.028326
0.033605
0.001020
-0.018611
-0.011070
-0.020939
-0.030214
0.014254
-0.008412
0.007249
0.023799
-0.016255
-0.009701
-0.002213
0.032442
-0.013895
-0.011659
0.001754
-0.013552
-0.014928
0.026459
-0.001060
-0.014808
-0.019506
-0.032846
-0.020159
0.010195
-0.021942
0.003149
0.001100
-0.012279
-0.004194
-0.000963
0.024409
0.012864
0.023635
-0.032199
0.018319
0.002220
-0.004942
-0.010101
-0.009650
0.014472
0.015867
0.023806
0.011245
-0.033697
-0.023521
-0.022670
-0.011580
-0.002780
-0.031879
0.023029
0.018080
-0.015716
0.025851
0.033591
0.030147
-0.031759
0.001070
-0.004421
-0.008370
0.032545
0.030284
-0.019629
0.009740
0.018250
-0.016160
-0.007610
-0.015198
0.014567
0.017958
0.010821
-0.006630
-0.001843
-0.001042
-0.031054
0.000129
0.011106
-0.018054
0.024218
-0.027343
-0.014265
0.011578
0.026406
0.005688
0.001760
0.024328
0.000166
0.005670
-0.010271
0.031413
0.032969
-0.013394
0.026028
-0.022330
0.032015
0.008610
-0.002820
-0.011263
0.029080
-0.023922
-0.028974
0.004232
0.005117
0.004852
-0.032479
0.009732
-0.030688
0.014296
0.027347
0.029199
0.022622
-0.022587
0.005108
0.013359
0.018770
-0.028801
0.002018
-0.016733
0.012538
0.027416
-0.020989
0.009838
-0.021647
-0.030629
0.023177
-0.025301
0.013649
-0.015312
-0.000895
0.007061
-0.003566
0.005800
-0.024376
-0.034117
-0.025017
-0.021186
0.011284
-0.020036
0.028779
0.002962
-0.026505
0.015732
0.016044
0.014272
-0.006578
-0.000856
0.021140
0.031108
0.018080
-0.001991
0.022856
0.032760
-0.027823
-0.034460
-0.033538
0.031023
-0.024092
0.015780
-0.019958
0.010682
-0.012828
0.012145
-0.019187
-0.001535
0.013696
-0.008535
0.012948
-0.010689
0.007098
0.006059
0.027942
0.016262
-0.013878
0.008316
-0.005135
0.015213
-0.028208
-0.019665
0.010652
0.025541
0.014013
-0.002161
0.022632
0.021859
-0.000952
0.024763
0.017213
0.010625
0.004874
0.032924
-0.014362
0.027716
0.009400
0.002120
-0.009488
-0.012573
0.029254
-0.032208
0.012407
0.000683
0.009519
0.004680
-0.018724
0.031310
-0.022672
0.011810
0.010854
-0.015211
0.027814
-0.014163
-0.025339
0.006158
0.019345
0.032962
-0.007652
-0.017276
0.022056
-0.026107
0.029017
-0.008738
-0.028852
-0.021014
-0.016692
0.016216
0.016775
0.009489
-0.032025
0.010360
0.012950
0.016051
-0.024626
-0.013200
-0.014938
-0.007681
-0.017559
-0.001941
-0.031540
0.028964
0.018516
0.031943
-0.020867
0.000000
0.028846
0.002432
0.034146
0.026139
0.030449
-0.018799
0.012526
-0.031327
-0.025450
-0.031881
-0.024510
-0.010795
-0.012904
0.027375
-0.029689
0.032254
0.031018
0.016339
0.009535
0.011400
0.027382
0.032004
0.032131
-0.015967
-0.021224
-0.005479
-0.011838
-0.027928
-0.022631
-0.015564
-0.013127
-0.029454
0.022537
-0.014650
0.032354
0.017318
0.002221
0.009212
0.021660
0.012440
0.012999
0.032818
-0.034024
-0.035573
0.024524
-0.028045
0.032350
0.019873
0.023963
0.006216
-0.004395
0.015676
0.002550
-0.007933
0.035378
0.016996
0.022257
-0.012129
0.024736
0.035295
0.007976
-0.024060
-0.029828
-0.005156
-0.003041
-0.033143
-0.023507
0.034849
0.011738
0.033822
0.011619
-0.010932
0.030971
0.013264
-0.010836
0.019826
0.020888
-0.014156
0.004030
0.009182
0.027729
0.035304
-0.010810
-0.005390
-0.008298
-0.011101
-0.024063
-0.021710
0.012439
-0.034996
-0.022084
-0.015254
-0.023387
-0.016243
0.015259
0.009241
-0.013717
0.027421
0.008421
0.033689
0.025574
-0.015628
-0.012911
0.020876
0.033304
0.011921
0.005034
0.018523
0.033434
-0.026605
-0.007963
0.025494
-0.026970
0.016896
-0.015564
0.000401
-0.029874
-0.003958
0.014360
0.018234
-0.003285
0.027944
-0.032689
0.008997
-0.023968
0.018239
-0.017431
-0.002016
0.009992
0.026659
-0.003996
-0.000103
-0.024638
0.018761
-0.014895
-0.027003
-0.004987
0.025807
0.027190
-0.007221
0.034872
-0.016442
-0.017395
-0.027767
-0.035216
0.002709
0.008302
-0.029421
0.034420
-0.013007
0.024482
-0.004534
-0.020731
0.027462
-0.031205
-0.009030
0.010032
-0.012967
0.024622
-0.015645
-0.021977
-0.015043
0.019921
-0.010947
-0.031950
-0.030643
-0.002280
-0.001268
0.030834
-0.010760
0.027180
0.030036
0.008467
-0.025885
-0.033400
0.008920
0.012494
0.010572
0.015168
0.011245
0.033234
0.003981
-0.028957
-0.023166
-0.004226
-0.024494
0.003472
-0.029863
-0.001793
-0.007574
-0.009839
0.011899
0.013051
-0.025587
-0.034717
0.016770
-0.020561
-0.001328
-0.020167
-0.025396
0.023581
-0.028656
-0.031029
-0.003621
-0.018872
-0.028760
-0.030370
0.029290
0.017480
0.020467
0.004866
0.015045
-0.011221
0.011578
0.027548
0.020221
0.022753
-0.004649
0.026027
-0.014709
0.023445
-0.019481
0.032859
0.000828
-0.009400
0.033811
-0.018071
0.005708
-0.003186
-0.002569
0.015981
-0.015274
0.004443
0.020621
0.016773
0.021240
0.027530
0.022072
0.014861
0.009341
0.006870
-0.015941
-0.011282
0.031318
0.031305
-0.019404
0.015870
0.018389
0.011616
0.006228
-0.031989
-0.000607
0.022416
-0.034799
-0.035448
-0.022653
0.034681
-0.017850
0.018724
-0.004174
0.015250
-0.000964
0.016221
-0.015976
-0.016012
-0.002674
-0.030405
-0.024151
-0.016271
0.020125
0.020859
0.026268
-0.031485
-0.026092
0.021917
0.035489
-0.009827
0.002118
0.018209
-0.033880
-0.027322
0.021889
0.001182
0.030762
0.022759
0.001403
-0.027559
0.021772
0.019222
0.026834
-0.018071
-0.001197
-0.009798
0.033819
0.018496
0.009859
-0.004524
0.023759
0.021377
0.014874
0.008215
0.006567
0.005473
0.012399
0.016143
-0.008279
0.012219
-0.029353
0.029508
-0.005241
-0.027564
-0.033483
-0.019021
0.009287
0.032949
-0.031930
-0.024979
-0.030279
0.025511
0.029912
0.032224
-0.028229
-0.006953
-0.013243
-0.030079
-0.024126
0.032285
0.001066
0.035302
0.017993
-0.019729
0.007848
-0.011110
0.021412
-0.015422
-0.030635
-0.022535
0.032465
-0.024320
-0.028696
-0.008445
-0.016215
-0.026510
0.008204
0.028741
-0.029230
0.011942
-0.031907
-0.023840
0.001784
0.033674
-0.027284
0.009224
-0.008948
-0.004858
0.014814
0.002595
-0.008242
-0.019789
0.002227
-0.025918
-0.003850
-0.025593
-0.001359
-0.018106
-0.005347
0.003674
-0.004972
-0.008550
0.015023
0.002001
0.018674
0.034477
0.011160
-0.008791
0.027549
0.017599
-0.032518
0.031311
0.029428
0.004935
0.029317
-0.033525
-0.021510
-0.015300
-0.002715
0.028973
0.022963
0.024712
-0.026485
-0.010478
0.034462
0.005334
-0.000403
-0.002565
0.022897
0.029919
-0.034560
-0.017745
-0.014300
0.016132
0.019925
-0.031295
0.014941
-0.004584
-0.004417
0.006821
-0.022654
-0.001266
0.002463
-0.028895
-0.032000
-0.003889
-0.026751
-0.017841
0.016479
0.006203
-0.024538
0.003774
-0.004755
-0.015354
0.028965
-0.005961
0.025648
-0.007107
0.027142
0.012876
-0.012857
0.028251
0.030800
0.008513
0.008715
0.015056
0.012887
-0.012014
-0.025197
-0.027199
0.030476
-0.012182
0.007204
-0.002730
-0.005409
0.010873
0.029050
0.003509
0.028700
0.009860
-0.025958
-0.031506
-0.022035
0.004957
-0.011192
-0.028739
0.034664
-0.021212
-0.000177
0.026138
0.027333
0.022635
0.018720
0.022464
-0.004521
-0.008234
0.001851
-0.027303
0.015422
0.012323
-0.018834
0.010229
-0.035529
0.024039
-0.028170
-0.005268
-0.000757
-0.034789
0.033909
-0.007726
0.010740
-0.027717
-0.003564
0.024374
0.012908
0.020914
0.031304
0.011904
0.035370
-0.004543
0.002373
0.027034
-0.017576
-0.014575
0.013829
0.013571
0.012860
-0.019988
0.021937
-0.007388
0.028003
-0.032566
-0.032828
0.028143
0.027142
-0.025329
-0.012794
-0.009284
-0.024449
-0.014553
0.018658
0.021959
-0.006602
-0.020574
0.010664
-0.029362
-0.035329
0.006299
0.018211
-0.035628
-0.033912
-0.015085
0.027075
-0.015820
0.006009
0.005235
0.033420
-0.016800
0.020916
0.019688
0.011481
0.013250
0.022791
0.014322
0.005725
0.014264
0.024662
0.028600
-0.030689
-0.035456
-0.021622
0.023638
0.022173
0.007445
-0.032605
-0.002832
0.013752
-0.032265
-0.032201
-0.003706
-0.032225
-0.030445
0.016878
0.030519
-0.010596
-0.012782
0.000086
-0.012844
0.006086
-0.014667
-0.028825
-0.018102
0.034252
0.029634
0.031889
0.004308
0.008229
0.020882
-0.002761
0.013209
0.021095
0.011286
0.001178
0.007599
-0.016938
0.004242
-0.030901
0.032482
0.007645
-0.027434
-0.006893
0.011090
-0.022210
-0.025684
0.005940
0.002863
-0.002797
-0.029643
0.025687
-0.032380
-0.008642
0.032531
-0.014813
-0.010059
0.026496
-0.018593
0.029918
-0.000943
-0.033380
-0.008512
-0.023403
0.023384
-0.032895
0.013444
-0.004685
-0.014165
-0.017983
0.000082
-0.017351
0.025332
0.008317
0.011425
0.000752
0.021776
0.021410
-0.028976
-0.011030
-0.017056
-0.022951
-0.021011
-0.013767
0.004076
-0.024149
0.007089
0.029687
-0.033322
0.024165
0.023936
0.001404
0.026454
-0.020245
0.013670
0.014169
-0.017471
-0.008554
-0.026185
0.004033
0.009132
0.009566
0.022350
-0.001205
-0.017785
-0.001893
0.035216
-0.031678
-0.016152
-0.029429
-0.007040
0.002462
-0.016711
0.007618
0.024364
0.023034
0.019137
-0.004216
0.017052
0.021485
-0.015721
0.005318
-0.012780
-0.024936
0.020742
-0.034778
0.024902
-0.032398
-0.007664
0.034387
0.007303
-0.034201
0.008284
-0.006015
0.000263
0.026168
0.027761
-0.000190
0.030158
-0.024060
0.006049
-0.012551
0.014070
0.025006
0.030736
0.002765
0.012371
0.014205
0.034218
-0.006246
0.000020
-0.017172
0.034741
0.022909
-0.006439
0.019815
0.023800
-0.017205
0.023086
-0.019533
-0.018487
-0.005280
-0.018065
0.025466
0.024374
0.017867
0.015965
0.016466
-0.017992
0.010454
0.028075
0.023725
0.033572
0.006476
0.013063
0.028639
-0.026428
-0.010235
0.007175
-0.027879
0.019188
-0.028473
-0.009382
0.018261
0.030105
0.019848
0.002407
0.018236
-0.033026
-0.010177
0.034372
-0.015844
0.020213
-0.019361
-0.026047
0.008918
0.034174
0.025586
-0.010285
-0.019487
0.000371
-0.017879
-0.031430
-0.001726
0.024266
0.017301
-0.008756
0.033507
-0.028602
0.034088
-0.030041
0.026255
-0.030054
-0.003754
0.008847
-0.035617
-0.019575
-0.024415
0.018288
-0.016932
0.001077
0.016991
0.002893
-0.014379
0.033299
0.012514
0.030208
0.031804
0.002431
-0.015746
-0.023352
-0.032867
0.002043
-0.019113
0.001076
-0.009360
0.033857
0.027989
-0.011522
-0.030414
0.026409
-0.005894
0.031510
0.032024
0.026021
0.004688
0.032076
-0.029223
0.015942
0.014694
-0.010486
-0.018649
0.000000
-0.003983
0.028075
0.002640
-0.006354
0.004921
-0.002821
-0.010219
-0.028317
0.017102
0.002098
-0.025515
-0.016524
0.018654
0.011230
0.009785
0.016842
0.003550
0.033932
0.022097
-0.005709
-0.007631
0.017938
-0.009354
-0.017279
-0.013042
-0.012947
-0.010833
-0.032769
-0.033922
0.014349
-0.015749
-0.002236
0.006756
0.022560
0.027079
-0.023992
-0.015930
-0.018809
-0.016641
-0.034497
0.018959
-0.006487
-0.015352
0.001944
-0.030925
0.030102
-0.016883
0.008294
0.028366
-0.030455
-0.033084
-0.014934
0.023153
-0.006770
0.003456
-0.025558
0.015952
0.028291
-0.022658
0.017699
0.006972
-0.002739
-0.020206
-0.021941
-0.015848
-0.028796
-0.010265
0.003891
-0.011936
0.008763
0.005063
-0.028646
-0.033392
0.025380
0.008966
-0.028649
0.019813
0.027752
0.015314
0.012510
0.032966
0.017898
0.033245
0.020450
-0.024540
0.001032
0.030560
0.027080
-0.006346
-0.027767
0.009110
-0.035043
0.005163
0.024573
-0.021316
0.024984
0.031445
0.004088
-0.006794
-0.016160
-0.022817
0.033937
-0.009137
-0.020540
0.023648
0.035498
-0.013520
0.007792
0.027581
-0.033875
-0.015367
0.024879
0.019691
-0.017791
0.009660
0.030820
0.018910
0.004551
0.022231
-0.023104
0.012453
-0.004327
-0.022479
-0.018052
-0.015423
-0.008125
-0.028738
-0.019647
0.031632
0.000137
-0.000138
-0.026854
-0.001595
0.026394
-0.011726
-0.013616
0.026223
0.010423
0.029845
0.018136
0.012216
-0.021191
0.007346
-0.003761
-0.003313
-0.018663
-0.008610
-0.020072
0.021557
-0.022048
-0.007507
-0.001659
0.009294
0.005683
0.015958
0.029539
0.033226
0.022889
-0.025776
0.029189
-0.012643
0.009755
-0.033333
0.021430
0.000480
-0.009390
-0.027855
-0.008965
-0.034637
-0.033679
-0.026498
0.013248
-0.019201
0.016517
-0.026182
0.013155
0.033522
0.000876
0.028752
0.019410
0.014497
-0.014424
-0.017917
-0.011878
0.026927
0.033709
-0.018008
0.024485
0.020929
-0.008115
0.018006
-0.027383
-0.034029
0.020341
0.029717
0.002120
-0.024718
-0.033807
0.028824
-0.023686
-0.031817
-0.033343
0.025231
-0.015349
0.018843
0.034717
0.033474
0.016696
-0.000075
0.026557
0.000438
-0.021247
-0.023536
0.018189
0.002544
-0.032277
0.016230
0.020205
0.027877
0.001490
-0.023579
0.010213
0.009776
-0.021939
-0.005115
0.003824
0.015850
0.005836
0.005686
0.009005
0.017818
0.009538
0.011331
0.007380
0.029858
-0.005495
0.006428
0.027664
-0.024467
-0.029316
0.018552
0.011639
-0.014894
0.030686
-0.005841
0.023319
0.034077
-0.025280
0.007855
0.026285
0.011879
0.019945
0.000829
-0.014013
0.033675
0.031384
0.025480
0.013856
0.001551
-0.004503
-0.012808
-0.016300
-0.030633
0.034192
0.026749
0.034894
-0.006971
-0.002492
0.026889
0.004230
0.003861
0.009772
-0.019800
0.024636
0.004789
0.010028
0.012286
0.003197
0.020417
-0.015528
-0.006187
-0.003373
-0.031253
0.030312
0.018283
-0.033247
0.026026
0.008094
0.016278
-0.008092
-0.032077
-0.032199
0.011277
-0.027042
-0.033675
0.002357
-0.027816
-0.004977
0.035534
0.034741
0.034922
0.003727
0.008845
-0.020547
-0.007306
-0.022035
0.025150
-0.030689
0.016831
0.009898
-0.010549
-0.025025
-0.029143
-0.006133
-0.030382
0.024808
-0.003711
0.031314
-0.002767
-0.023102
-0.012447
0.000825
-0.019632
0.034499
0.009452
-0.017638
0.001187
0.017305
0.013053
0.001053
0.016377
0.012306
-0.030890
-0.010447
0.027428
-0.002527
0.003186
0.016909
0.002453
-0.015652
-0.008862
0.027572
-0.005008
-0.002336
-0.014229
0.000279
-0.013197
0.017729
-0.004076
0.019705
0.030296
0.019146
-0.015138
-0.025004
0.017976
0.029983
-0.006973
-0.016506
0.011618
-0.029589
0.020215
-0.007674
0.018386
0.024995
0.017548
0.010145
-0.013201
-0.014935
-0.008615
0.024920
0.005082
0.018193
0.016824
-0.035595
-0.019813
-0.033074
0.000353
0.002660
0.020324
0.031946
-0.013304
0.014951
0.015422
0.007227
0.025616
-0.002271
0.001540
-0.017027
0.016892
-0.022510
-0.010947
0.001439
0.005485
-0.028229
-0.009236
-0.012636
0.017585
0.013232
0.008097
-0.026699
0.002483
-0.022490
0.027163
-0.016362
-0.022416
-0.028319
-0.013767
0.013605
0.010010
-0.029112
0.009882
0.032375
0.021508
-0.010364
0.003932
0.011454
0.023034
-0.030196
0.030097
0.004257
-0.017038
-0.016519
-0.029974
0.024116
-0.009079
-0.003540
-0.024189
-0.027163
-0.025977
0.019577
-0.018193
0.012175
0.032755
-0.026699
0.031482
-0.025330
-0.019349
-0.017954
0.023944
0.026329
-0.011397
-0.001842
0.023035
-0.025558
0.023462
-0.008701
0.021565
0.010827
-0.003229
0.015992
-0.020585
0.015403
0.035142
-0.014890
0.003850
-0.009606
0.017238
0.015329
-0.001100
0.026930
-0.000763
0.016375
0.003436
-0.003676
0.025345
-0.000751
0.006663
-0.029673
0.016964
-0.005062
0.032325
-0.030102
0.028765
0.019691
-0.019992
0.016558
-0.024679
-0.034096
-0.008284
0.007761
0.017565
0.006799
-0.012505
0.017039
0.027578
0.027013
-0.028235
0.009147
0.006673
0.006333
0.000408
-0.029759
-0.012960
-0.031825
0.002234
-0.023284
0.003093
-0.026772
-0.017289
-0.015612
0.003835
-0.020633
-0.010045
-0.003069
0.034727
0.005632
-0.022180
-0.025621
0.007205
0.005204
0.017808
-0.010899
-0.023666
-0.030366
-0.029528
-0.031757
0.032316
-0.022095
0.013059
0.003321
0.019907
-0.022202
0.009231
-0.028722
-0.018358
-0.024204
-0.016338
0.020403
-0.015307
0.002042
-0.030878
0.024196
0.017078
-0.005254
-0.014542
0.016136
-0.035291
-0.001053
0.026184
0.007583
-0.031518
0.008323
0.032353
-0.019515
0.013626
-0.032845
-0.015603
0.010273
-0.019271
0.033124
-0.022075
-0.035033
-0.024746
0.022825
-0.028086
-0.007436
0.034290
-0.008755
-0.022702
-0.016686
0.028956
-0.017910
-0.028159
0.010365
0.012505
-0.007032
-0.009167
0.012882
0.027584
-0.018653
-0.015204
0.031735
0.025339
-0.018520
-0.023449
0.003297
-0.015696
-0.003383
-0.022099
0.000702
-0.005928
-0.008505
0.001338
0.004995
-0.021348
0.008921
0.033228
-0.022727
-0.035503
-0.025143
-0.003745
0.029122
-0.007384
0.003765
0.003819
-0.030549
0.032402
0.030320
0.018002
0.024317
-0.024001
-0.032870
0.020383
-0.034331
-0.015722
0.032603
0.004635
0.004251
-0.006449
0.018205
-0.030716
0.023292
-0.025969
0.006291
-0.007382
-0.011648
-0.020457
-0.009823
0.001293
-0.020291
0.000703
0.033217
-0.026837
0.028987
0.001313
0.012650
0.034108
-0.001953
0.007302
0.016441
-0.013305
0.018969
0.019240
-0.028590
0.020307
-0.032151
-0.031656
-0.010727
0.007769
-0.002436
-0.028191
0.012722
-0.014812
-0.018491
-0.016656
0.013475
0.005530
-0.001443
-0.032017
-0.028846
0.013935
0.004355
-0.031297
0.022766
-0.002327
0.005685
-0.000252
-0.003888
-0.031937
-0.028619
-0.023116
-0.009573
0.026018
0.031793
-0.002494
0.010657
0.035311
0.001519
0.035598
0.007411
0.034752
-0.028262
-0.015536
-0.015729
-0.011084
0.003477
0.033415
0.030115
-0.033635
-0.034271
-0.034400
0.015969
0.005753
-0.030028
0.003067
-0.032243
0.011325
-0.032854
-0.000462
0.015057
-0.025805
0.012091
-0.030185
-0.035455
0.008215
0.002990
0.010870
0.007857
-0.031160
0.010799
-0.020401
-0.032077
0.018206
-0.000268
-0.012137
-0.028547
-0.032459
-0.014391
-0.034101
-0.030425
-0.012994
-0.032832
0.021213
0.028428
-0.027191
-0.011390
0.031854
0.019803
-0.008575
-0.004277
-0.000809
0.001289
-0.027855
0.004675
0.001502
0.016029
-0.028004
-0.023297
-0.011783
-0.023496
0.023171
0.003485
-0.019904
0.005708
-0.032452
0.003627
0.012830
-0.029242
0.024905
0.014398
-0.023999
-0.023757
0.017235
0.032882
-0.030998
0.025712
-0.014176
-0.034814
0.009846
0.012918
-0.003422
-0.026631
-0.021463
0.004391
0.013712
0.015708
-0.015249
0.021377
0.028080
0.008637
0.033550
0.015582
-0.023547
-0.022022
-0.014378
-0.020330
0.017274
0.034121
-0.013903
0.006510
0.012850
-0.002233
0.018421
-0.005583
-0.005020
0.023092
-0.015540
0.016473
0.023947
0.029975
-0.006278
-0.015144
-0.032325
0.007928
0.024916
0.017056
0.000000
-0.012033
-0.026002
0.002765
-0.019622
0.018304
0.000646
0.031629
0.030426
0.014293
-0.018418
-0.025572
-0.004102
-0.019966
-0.003807
-0.033261
0.028553
0.029629
0.020829
-0.012699
-0.011059
0.008252
0.007430
-0.030255
-0.003470
0.001737
-0.000864
0.017055
0.005081
-0.028605
0.006302
-0.013532
-0.004969
0.015969
0.024902
0.011078
-0.001396
-0.010121
0.007039
-0.006638
-0.031497
0.024290
0.003458
0.000069
-0.031345
0.035320
0.002477
0.032878
0.029281
-0.012363
-0.015490
-0.017447
0.031558
0.027609
-0.012034
-0.007581
-0.006323
0.022771
-0.026195
0.034426
0.029835
0.015775
-0.014774
-0.010803
-0.003925
-0.025541
-0.035394
0.030348
0.000007
0.007314
-0.011959
0.004178
-0.004065
0.027168
-0.031421
0.000259
0.026820
0.006725
-0.002532
0.020432
0.030031
0.017647
-0.032684
0.025920
0.009587
-0.009049
-0.017330
-0.032405
-0.021947
-0.007856
-0.033647
-0.027781
-0.027749
-0.012753
-0.002916
0.003995
-0.002625
-0.002641
-0.001326
0.033050
-0.030996
0.022385
0.001560
0.000608
0.013884
0.005808
-0.034801
0.005035
-0.023136
-0.001664
-0.010202
-0.028774
-0.019686
-0.007217
0.032815
0.025570
0.019402
-0.020184
0.028834
0.033124
0.007628
0.030856
-0.030326
0.015548
-0.017565
0.002427
-0.016126
0.015478
0.035455
0.018217
0.012860
-0.031210
0.004933
-0.021249
0.005067
-0.016852
0.020228
0.005935
0.023852
0.032760
-0.031398
-0.022019
-0.031683
-0.015416
0.006433
-0.034537
-0.025514
-0.009834
-0.019052
-0.032349
-0.012379
0.024245
0.034176
-0.007037
0.004124
-0.019058
0.031058
0.023667
0.032090
0.030844
0.006215
0.009281
0.035304
-0.024521
0.023700
0.004702
-0.005705
0.008259
-0.025032
-0.017521
0.005350
-0.020761
-0.003871
0.009337
-0.000508
-0.033108
0.010468
0.009646
-0.007273
0.027085
0.012967
0.016017
0.015661
0.011474
-0.026689
-0.015884
0.028085
-0.031300
-0.027886
0.024506
0.035214
0.013997
-0.001882
0.034849
0.025145
-0.013851
0.003882
-0.016229
0.030077
0.014519
0.001919
-0.000241
0.029426
0.033716
-0.026573
-0.006751
-0.035060
0.019564
-0.032773
-0.006664
0.010980
0.015862
-0.026316
-0.009028
-0.008333
-0.017337
0.010757
-0.015916
-0.012968
0.018539
-0.027079
-0.013423
-0.003133
0.006708
-0.014243
-0.013657
0.028526
0.025308
0.005784
0.022934
0.004158
-0.027967
-0.012976
-0.002085
-0.029919
-0.003880
0.026833
-0.029310
-0.019985
0.029729
-0.000306
0.026663
0.009922
0.009047
-0.018034
-0.034080
0.027379
0.028392
-0.014327
-0.021258
0.011262
-0.005737
0.000989
-0.027539
-0.034698
0.022414
-0.005527
0.029496
0.012053
-0.035413
0.016762
-0.019458
-0.027710
-0.031883
0.014127
-0.021961
-0.000095
0.005291
-0.015602
0.015589
-0.000649
0.019761
0.006583
-0.026396
-0.006861
0.024218
-0.024807
-0.015151
0.016941
-0.003466
-0.000740
-0.007466
0.026466
-0.035421
0.000664
0.027436
0.022663
0.030805
0.021263
-0.000953
0.031061
0.002356
0.015259
-0.032318
0.006142
-0.006284
-0.018610
-0.029621
0.034676
0.001457
0.021636
-0.001642
-0.014451
-0.007449
0.007630
0.014356
-0.018900
0.018492
0.034874
0.033710
-0.020643
-0.001535
-0.009425
-0.029846
-0.001287
0.026908
0.033259
-0.014293
0.022044
0.018854
0.020423
0.017437
-0.014459
0.000013
0.020788
0.027352
0.029398
-0.033491
0.033399
0.028405
0.003635
0.019367
-0.008906
0.024853
-0.023751
0.034394
0.003541
-0.006982
0.017217
0.002746
-0.008941
0.032243
-0.034459
0.017303
-0.033272
-0.000077
0.008542
0.035656
0.021299
-0.005083
0.018841
0.006053
-0.023315
-0.031287
-0.029602
0.033142
0.031733
0.035465
0.035320
0.029464
0.028201
0.003286
0.013161
-0.016373
-0.007530
0.025079
-0.017649
0.031679
-0.017572
0.035237
-0.001244
0.009155
0.031810
-0.000033
-0.009210
0.034207
0.035559
0.035001
0.034194
0.021189
-0.005751
0.017366
-0.008426
0.006603
0.021747
-0.002360
0.004076
0.017812
-0.002564
0.003728
0.011606
-0.010032
-0.028655
-0.010901
0.009264
-0.000516
-0.021491
0.027284
-0.004506
-0.003395
0.026851
0.029919
-0.029908
0.022993
-0.005783
-0.003450
0.021531
-0.005893
-0.004118
0.020057
-0.020373
0.025800
0.001754
0.006870
-0.003265
-0.012168
-0.031159
-0.034857
-0.030025
0.001946
0.004539
0.017250
0.027583
0.011553
-0.029320
0.001178
-0.024632
-0.015142
-0.007208
0.006531
0.017132
-0.016025
0.000782
0.022893
-0.028701
0.030668
-0.016225
0.028500
-0.010894
0.015326
0.012887
0.004402
0.005457
-0.021028
-0.024397
-0.033476
0.002473
-0.019887
-0.032665
0.008117
0.017728
0.007543
-0.010302
0.009642
-0.016573
-0.003953
-0.024849
-0.005536
0.016574
0.003612
-0.034674
-0.001962
0.023256
0.001776
-0.014738
0.030224
-0.003225
0.004706
0.023055
0.021550
-0.015637
0.000274
-0.009717
0.025489
0.014915
0.001555
0.027681
-0.018281
0.017338
0.030685
0.025505
-0.000603
0.002559
-0.020466
-0.026630
0.021655
0.011250
-0.015810
-0.019550
-0.007844
0.023471
-0.018556
0.025862
0.011059
0.018889
-0.024544
0.005614
-0.020004
0.015830
-0.006999
-0.034123
-0.035476
0.028943
-0.008171
0.025681
0.008189
0.029053
0.017693
0.025577
0.010722
0.012710
0.015412
-0.025550
-0.020400
0.030615
-0.016511
-0.034414
0.006196
0.003349
-0.018295
0.034021
-0.008849
-0.001182
0.024214
-0.033459
-0.017961
0.035339
0.007824
-0.002297
0.015500
-0.034844
-0.000751
0.015693
0.029768
0.026747
0.005705
0.002288
0.020131
-0.012270
-0.007804
-0.004816
-0.035229
-0.028060
0.005303
-0.019961
-0.033114
0.024461
-0.018706
0.008751
-0.007859
-0.001332
0.007103
0.018961
0.033155
-0.004351
0.021171
-0.020476
-0.004681
-0.006673
0.012896
-0.024850
-0.005848
-0.023524
0.026512
-0.011749
-0.032446
-0.003452
0.026208
0.023354
0.019947
-0.017265
-0.017131
0.020386
-0.009657
0.023841
-0.035243
-0.007102
0.012634
-0.018280
-0.034020
-0.030894
0.016057
0.008753
0.023736
0.013542
-0.031267
0.009238
0.028736
-0.000279
-0.033104
0.005963
0.010540
-0.003284
0.018108
0.001383
0.020636
0.021331
0.033600
0.011175
0.009015
0.017879
0.029578
0.027553
0.002596
-0.015747
0.015725
0.003022
0.012819
-0.007310
0.020410
0.014469
-0.002535
0.000798
-0.012447
-0.014468
-0.021328
-0.008046
0.030439
-0.028261
0.027344
0.033004
0.013370
0.002215
-0.005948
-0.004191
-0.032071
-0.020981
-0.018529
-0.034139
0.025862
0.026155
0.019408
0.019772
0.018040
-0.013665
-0.031644
-0.001904
0.025026
0.016844
0.026456
0.009767
-0.004356
-0.011748
-0.025103
0.018865
0.009453
-0.010763
-0.024849
0.004224
-0.003355
-0.033174
0.001559
-0.025654
0.004709
0.031280
0.005824
0.008307
-0.025370
0.022964
0.009837
-0.035177
0.013451
-0.006424
0.020264
-0.004178
0.015580
0.024289
0.029587
0.004937
0.005464
0.020374
-0.020965
-0.034561
-0.027043
-0.010399
0.019973
0.018079
0.014507
0.030793
-0.013366
-0.024518
0.033287
0.023861
-0.014503
0.002327
0.019472
0.026990
-0.025034
0.029771
0.014286
0.020471
0.030263
-0.007932
-0.021622
0.014858
0.023558
0.029627
0.003478
0.017477
-0.001105
-0.026727
0.002182
0.013599
-0.025620
0.010807
-0.032469
0.030022
-0.006783
0.017706
0.025146
0.015520
0.028858
0.022764
0.003712
-0.021314
-0.010577
-0.012484
-0.029992
0.000057
-0.018382
0.019963
-0.015140
-0.023788
-0.023638
-0.001093
0.026739
0.035589
-0.007135
-0.005452
0.017397
0.027429
0.003490
-0.016090
0.005359
0.013539
0.030386
0.008558
0.007892
-0.012066
-0.009404
-0.002630
-0.032215
-0.016215
-0.015535
0.007166
-0.001860
0.009556
0.030351
0.003816
-0.026055
-0.023700
-0.011890
-0.005527
-0.011819
0.000140
0.029049
-0.020749
0.000060
-0.013755
0.009468
-0.018212
-0.021996
-0.022711
0.001367
0.019032
0.026497
-0.003916
-0.008079
-0.001280
0.019687
0.018186
0.031759
0.023141
-0.033698
-0.019445
-0.005362
0.000111
0.025780
-0.010680
-0.031742
0.035394
0.001289
-0.007963
-0.005802
0.025139
0.027846
-0.012422
0.000000
-0.031279
-0.007762
0.009492
0.013858
0.009695
0.023165
0.026816
-0.024607
0.006528
0.017644
0.007146
0.034118
-0.019304
-0.008836
0.016636
-0.023215
-0.021365
0.018607
-0.006991
0.008942
-0.016952
-0.016880
0.033931
-0.013025
-0.017155
-0.000448
0.014681
0.012712
-0.010978
0.006859
-0.035379
-0.006588
0.034766
0.009781
-0.028399
0.008792
-0.002723
0.034086
0.019854
-0.031864
0.016061
-0.008669
-0.033414
0.032426
0.018164
0.018890
-0.026458
0.032468
0.001828
0.002220
0.005742
0.020545
0.021009
0.004004
-0.028148
-0.031815
-0.032113
0.022202
0.016566
-0.007423
-0.006608
0.016856
0.021658
-0.007511
-0.009031
0.028928
-0.034387
0.023915
0.027345
0.021136
0.027720
0.007738
-0.023202
0.029975
0.004495
0.030631
0.013196
0.013706
0.027430
-0.020645
-0.019742
-0.002497
0.035569
-0.034402
-0.034162
-0.028248
-0.030547
-0.030606
0.029623
0.021688
-0.002360
-0.012654
0.002875
-0.016371
0.015504
0.029512
-0.023112
0.016785
0.017758
-0.031435
0.002252
0.009809
0.011972
0.014719
0.004115
-0.019202
0.009681
-0.018358
0.030173
0.001443
-0.003334
-0.025238
0.034614
-0.003434
-0.023971
-0.035217
0.003987
-0.018849
-0.030154
-0.002059
-0.032830
0.003155
0.020955
0.005713
0.022453
0.000790
-0.000444
0.035010
-0.018094
-0.018354
-0.032094
0.019827
0.027123
0.015547
-0.001122
-0.004430
0.032014
-0.027110
0.012881
0.026518
0.010002
-0.026122
-0.034388
0.008947
0.006113
-0.022690
0.009399
-0.025568
-0.005870
0.014914
0.008041
-0.003032
-0.017601
-0.006672
-0.032987
-0.030817
0.029787
0.002238
-0.031476
-0.023975
0.019552
-0.027901
0.031521
0.011007
0.023315
-0.005270
-0.029092
0.019660
0.003289
0.019457
0.010510
-0.022378
0.029004
0.011791
0.022238
-0.000552
0.024770
-0.004032
0.009549
-0.016769
-0.024787
-0.018079
0.015868
-0.006719
0.010918
0.018549
-0.001867
0.005036
-0.014881
0.002326
0.016730
-0.030998
0.010094
0.012582
0.015678
-0.002259
-0.028357
0.022254
-0.018268
0.010601
0.006043
0.027911
0.023892
-0.000622
0.004033
0.010460
0.034495
-0.006867
-0.029241
0.008375
0.012033
-0.018359
0.025965
-0.007768
0.010590
0.001215
-0.024887
-0.026945
-0.029418
-0.004100
0.011050
0.022981
0.000571
-0.014525
-0.000106
-0.019420
0.018885
0.007206
-0.032835
-0.035052
-0.017861
0.008876
0.028528
-0.029638
-0.027415
-0.003109
0.016491
-0.028588
0.025694
0.022919
0.015455
0.002058
-0.031109
0.005752
0.029959
0.015150
-0.028703
-0.030597
0.023873
-0.022452
0.000971
-0.000746
-0.035139
-0.034126
0.020398
0.000424
-0.017878
0.003614
-0.028039
-0.015044
0.004231
-0.010231
0.029501
-0.002910
-0.004201
-0.033582
0.029650
-0.023379
-0.026502
0.019675
0.035209
0.024622
-0.013936
-0.031569
-0.005295
-0.019646
0.019250
0.001671
-0.014575
0.007454
0.014889
0.022065
-0.028960
0.015418
0.023608
0.027107
-0.019827
-0.029939
-0.004948
-0.012197
-0.009314
0.034951
0.013241
-0.015482
-0.003628
-0.026629
-0.013396
-0.009647
-0.014339
-0.004229
-0.025641
-0.014798
-0.015275
-0.003908
-0.010698
0.015099
0.012114
-0.027117
-0.018899
0.033208
0.016006
0.031658
0.019605
0.022715
0.011408
0.007544
0.014152
0.027249
0.013273
-0.026465
-0.020616
-0.031710
-0.027182
0.028294
-0.011523
0.004858
-0.034004
0.010750
0.030881
-0.012673
-0.029147
-0.030429
0.008197
-0.008754
0.001331
0.033167
-0.029324
-0.022223
-0.029619
-0.012554
-0.024684
0.022056
-0.016565
0.030590
0.009102
0.030512
0.002465
-0.012415
0.022092
-0.019931
-0.003211
-0.034193
-0.015972
0.005276
0.029770
0.008174
-0.025535
0.031435
-0.016745
-0.030323
-0.016907
-0.010224
-0.025083
0.026959
0.016691
0.011917
0.024458
0.023036
0.025363
0.030508
-0.025187
-0.034990
0.016895
-0.006083
0.031269
-0.009672
-0.011240
-0.001936
0.013582
-0.024816
0.013802
-0.025298
-0.023340
0.033499
0.015647
-0.029239
0.006004
0.025781
-0.033472
0.024928
0.031126
-0.014710
-0.020965
-0.029626
-0.023420
0.031395
0.017960
-0.034631
0.018762
0.007653
0.031546
0.029244
0.008332
0.012772
-0.012508
0.003932
-0.032569
0.011921
-0.033672
0.016682
0.022774
0.015799
0.027053
0.035103
0.013629
0.007030
-0.029805
-0.016035
-0.002858
-0.027608
-0.026777
-0.007401
-0.006650
-0.012073
-0.001358
0.005599
-0.016346
-0.019067
0.006636
-0.033253
0.024255
0.002513
0.031660
-0.003081
-0.020384
-0.016516
-0.034818
-0.017284
0.031074
-0.032821
0.035066
0.018179
0.018647
0.026450
0.017613
-0.003392
-0.002189
0.023477
0.016241
0.030622
0.031537
0.025133
-0.012447
-0.010782
-0.022608
0.021864
0.030486
-0.003285
-0.032872
0.001453
-0.000869
0.027052
-0.031702
-0.004878
-0.011698
-0.016417
0.014275
-0.010847
0.001967
0.009680
-0.007999
0.001365
-0.007809
-0.025021
-0.007854
-0.025865
0.007256
0.025626
0.033281
-0.012172
0.020579
0.029149
-0.022708
-0.027537
-0.017302
-0.009647
0.029996
-0.022485
0.022737
0.032793
0.014637
-0.013801
0.024176
0.018604
0.016990
-0.023191
-0.033482
-0.004404
0.001631
0.004154
-0.030392
0.029300
-0.030151
-0.002533
-0.031389
-0.002336
0.007271
0.011535
-0.012379
0.004883
0.035032
-0.027468
-0.001637
-0.023345
-0.019336
0.016730
0.002677
-0.025009
0.029914
-0.010255
-0.027885
0.008882
0.011612
0.031960
-0.008182
-0.007067
-0.026900
-0.005996
0.024198
0.010399
0.033827
0.029475
0.004031
-0.031993
-0.008727
0.008310
0.001340
0.034213
-0.015824
0.024630
0.003426
-0.016461
0.032831
-0.033880
-0.004136
-0.022174
0.018519
0.034210
-0.011514
0.012764
-0.011714
-0.003730
-0.014023
0.035567
-0.007439
0.013464
-0.007168
0.001329
-0.028201
-0.018639
-0.023941
-0.030043
-0.024833
0.015759
-0.026367
0.002109
-0.011600
0.010641
0.000652
0.008245
-0.000397
-0.031590
0.027453
-0.003235
-0.029801
-0.012352
0.010260
0.024387
-0.013811
0.034415
0.001482
0.010144
-0.004984
0.023128
0.010042
0.023245
0.000923
-0.032795
-0.011095
0.008391
-0.015765
0.000633
0.014016
-0.004930
-0.019277
0.023318
0.032848
0.004792
-0.001710
-0.002168
-0.022632
0.033562
0.001910
-0.030847
-0.005342
0.007778
-0.007531
-0.030751
-0.003504
0.014327
-0.032005
0.033647
-0.011198
-0.001321
0.021106
0.034513
-0.013744
-0.013640
-0.033951
0.010830
0.030420
-0.014048
-0.024206
0.008767
0.016692
-0.007814
-0.003584
0.013871
0.032647
0.030375
-0.023967
-0.025654
0.028268
0.013613
-0.020833
-0.012743
-0.014278
0.007306
-0.007825
0.017888
-0.014036
-0.004162
0.015866
0.010434
0.030186
0.001303
0.009278
-0.019227
0.023332
0.010996
0.027272
0.018083
0.032617
-0.032603
-0.008819
0.013639
-0.004748
0.023266
-0.008159
-0.007770
0.017972
0.003543
0.002244
0.010572
-0.018513
0.017081
0.033498
0.002878
-0.011283
-0.009996
-0.014903
0.010350
0.021511
-0.034706
-0.014885
0.016029
0.002266
0.030062
0.032471
-0.010071
0.005389
0.024073
-0.027657
0.002337
0.027139
-0.000807
-0.019693
-0.013278
-0.013210
0.007817
0.014620
-0.030907
-0.024308
-0.018804
0.015334
-0.007153
0.033945
0.013163
0.031395
-0.013006
-0.032502
-0.019177
0.033012
0.024678
-0.018215
-0.017541
0.005038
0.019720
-0.023148
0.001839
-0.026021
0.017910
-0.009756
-0.018009
-0.015422
-0.018286
0.016853
0.000554
0.004105
-0.032026
-0.027298
-0.016943
-0.027264
-0.015937
-0.000078
0.023739
0.012579
-0.001802
0.001233
0.008305
0.020861
0.004399
0.024796
0.018204
-0.006592
-0.029087
-0.035006
0.034115
0.026301
-0.022485
0.000285
-0.035388
0.031094
0.026198
-0.017729
-0.019997
-0.027756
0.034793
0.016226
0.012018
-0.032902
0.024597
0.030743
-0.024498
-0.027009
-0.005004
0.034910
0.021238
0.028863
0.000474
-0.006126
0.014055
-0.030796
-0.016999
-0.003410
-0.001719
-0.010417
-0.002747
-0.003273
-0.019785
0.010438
0.032681
-0.019505
0.005863
0.023210
-0.001565
0.021535
0.031123
-0.002441
0.002092
0.007472
0.000326
-0.008979
0.002546
0.011497
-0.000320
0.000000
0.033211
0.010738
-0.014750
0.026405
-0.024457
0.014793
0.004790
-0.019585
0.033463
-0.034288
0.014365
-0.012623
-0.001366
-0.024577
0.003261
-0.026598
-0.027564
0.019425
0.014934
0.031315
-0.017809
0.000801
0.026769
0.015420
-0.032776
-0.001429
-0.019923
-0.006086
-0.034552
0.027242
0.029262
0.034328
0.002311
-0.021157
0.025064
0.013523
0.029305
-0.005815
0.029607
0.027099
-0.004434
0.008304
-0.021193
0.029868
0.019396
0.017737
-0.032398
0.027500
0.001493
0.018205
0.023146
0.019353
-0.016663
0.014246
-0.000896
-0.013770
-0.022852
0.014849
0.015812
-0.021734
0.006423
0.009406
-0.023075
-0.026935
0.023918
-0.033681
0.022257
0.017554
-0.003827
0.016195
0.008984
0.027408
-0.011170
0.023460
0.021607
-0.027443
0.005528
0.024877
-0.035612
-0.028648
0.007413
0.023203
0.026373
0.026419
0.001780
-0.010192
-0.023020
0.014597
-0.031011
0.028460
0.028531
0.011080
0.002197
-0.030213
0.019814
-0.009554
-0.028225
0.006402
-0.027669
0.003617
-0.013072
0.016983
-0.004644
0.011426
0.004774
-0.018706
0.019651
-0.025367
-0.029497
0.019708
-0.018347
0.013585
0.007242
-0.027642
0.004335
-0.026647
-0.002165
0.016983
0.023618
0.002492
0.009775
0.016480
-0.022097
-0.023697
0.021936
0.033386
0.002418
0.029380
0.004118
0.010417
-0.002672
0.026715
-0.008269
0.028353
0.002472
0.032174
-0.026021
-0.013545
-0.028862
-0.019849
-0.029506
-0.011540
0.029404
0.013405
-0.003513
-0.001929
0.022426
0.029990
-0.020615
0.010376
-0.003186
0.024829
-0.008813
0.010386
-0.034537
-0.022545
0.008102
0.003549
-0.028834
-0.023448
-0.021703
0.004163
-0.032402
0.005698
-0.003152
0.005739
0.002203
0.006495
0.027863
0.009010
0.022315
0.034026
0.033139
0.016050
0.011762
-0.006043
-0.021548
-0.001480
-0.011722
-0.006494
-0.026774
0.020760
-0.017334
0.000083
-0.004523
-0.016202
0.013206
-0.032089
0.023016
0.020040
-0.019868
-0.034356
-0.011465
-0.016601
0.007011
0.021051
0.024807
-0.026455
-0.008123
0.017001
0.018224
-0.021477
0.015358
0.015693
0.030242
-0.008548
-0.026019
-0.026975
0.025640
-0.002072
0.002200
0.034535
-0.016980
0.020535
-0.001051
0.014166
-0.031336
-0.023514
0.017745
0.027348
0.032195
0.033546
0.028661
-0.014939
-0.018724
0.000003
-0.029557
-0.029586
0.009217
-0.002011
0.023084
-0.008228
0.012181
0.002774
-0.028204
0.006754
0.029894
-0.018554
0.015449
0.019865
0.015043
-0.018020
0.018731
0.033732
-0.033154
-0.017989
0.012229
-0.028822
-0.005834
-0.005694
0.034195
-0.009307
-0.007817
0.027188
0.011422
0.009128
-0.008478
0.017534
0.015210
-0.034930
-0.020146
0.002626
-0.007489
0.027704
-0.030270
-0.000024
-0.001210
0.035293
0.017091
-0.021430
0.019489
-0.003534
-0.003781
0.002552
-0.005471
-0.001267
0.020232
-0.028911
0.005580
-0.021270
0.001064
0.004107
0.005091
0.028915
-0.004374
-0.019156
0.002374
0.022817
0.034047
-0.018085
0.023556
-0.021767
0.020210
-0.019602
-0.029732
0.025609
0.016043
0.004727
0.025234
-0.002534
0.018966
0.009054
0.029600
-0.020485
-0.024063
-0.011539
0.013917
0.031838
-0.004782
-0.016171
-0.025101
0.031951
0.023605
0.015659
0.025197
-0.016438
0.032172
-0.008098
-0.029290
0.030550
0.009486
0.029935
-0.026885
-0.005973
-0.025335
-0.020948
-0.016032
0.026377
0.019448
-0.026467
-0.011826
0.002745
0.018256
-0.017895
0.017929
0.029861
0.006234
-0.003823
0.026031
-0.034216
0.015675
-0.034739
0.033404
0.003611
0.016588
0.022932
0.022842
0.013091
-0.020835
0.029221
0.007973
0.024320
0.023487
0.016756
-0.017321
0.033821
0.031477
0.002315
0.024529
0.015256
0.011517
-0.022966
-0.017668
-0.005897
-0.005192
-0.035408
-0.011704
-0.034627
-0.003562
-0.021342
-0.033174
-0.023556
-0.020412
-0.035439
0.015724
0.031845
0.023162
0.002898
0.009267
-0.033342
-0.003550
-0.018429
0.026647
-0.015732
0.033997
-0.026343
-0.017579
0.029805
0.011641
-0.028719
0.009392
-0.012511
-0.016017
0.027393
0.017262
0.014460
0.027653
-0.030111
0.015502
-0.011578
-0.015784
0.017997
0.000535
-0.000528
0.018226
-0.019409
-0.004352
0.005719
0.019157
-0.030753
0.008046
-0.020062
-0.013513
-0.000975
-0.000125
-0.015185
0.008350
0.017964
-0.021049
-0.015677
0.024914
0.024012
0.007481
-0.026772
0.015736
-0.010926
0.023357
0.007720
-0.005369
0.003189
0.031811
0.014516
-0.014483
-0.003323
-0.021681
-0.031925
0.012937
0.009636
0.009463
-0.003575
0.014552
-0.018160
0.012032
-0.034630
0.016534
-0.023762
-0.014146
-0.010785
0.029871
0.000474
0.009207
0.019116
-0.011183
-0.018981
0.028013
-0.031116
0.005761
0.015701
0.012273
-0.035276
-0.016778
0.008415
0.014909
0.004408
-0.030576
0.028897
0.008151
0.018029
0.002864
-0.018054
-0.021215
-0.018253
-0.000545
0.026486
-0.017214
-0.019681
-0.032945
0.004309
0.005204
0.032596
-0.030886
-0.021258
0.016043
-0.006401
-0.004571
0.008388
-0.001848
-0.034478
-0.011580
-0.025244
-0.034085
0.007311
0.018840
0.016492
-0.023950
0.023932
0.009720
0.019870
0.006293
-0.023084
-0.033853
0.020747
-0.005668
0.001271
0.011564
0.012787
0.017259
0.014288
-0.018573
-0.013206
0.011215
-0.013790
0.001204
-0.008410
0.015478
0.032303
0.035646
-0.022039
0.033493
-0.011602
-0.011614
0.035077
0.031378
-0.028443
0.015900
-0.028241
0.031158
-0.010049
0.027298
0.001782
0.002536
0.029114
-0.013140
0.032537
-0.005284
0.034093
0.009655
-0.023694
0.012713
0.026751
-0.001231
-0.011741
-0.022708
0.035642
0.015518
0.028439
0.032276
0.015495
-0.029269
0.030100
-0.031776
-0.005214
0.029508
0.035270
0.002012
0.009740
-0.028639
-0.002499
0.035360
0.034328
0.034951
0.002227
0.027773
-0.013858
-0.000905
-0.013179
-0.015434
-0.026919
-0.001204
0.032948
0.035501
0.033234
-0.014462
-0.022876
0.033207
-0.034613
-0.030106
0.029814
0.016550
-0.023706
0.024245
0.020443
0.006748
0.018085
0.020045
-0.026909
-0.007844
0.027074
0.006260
-0.008153
0.025733
0.005543
0.029743
0.017838
0.027354
-0.006831
-0.031010
-0.023749
0.001919
0.003454
-0.026470
0.001751
0.001019
-0.005263
0.014544
-0.001442
-0.004208
0.020106
-0.007297
-0.023326
0.032069
-0.018721
0.032786
0.003148
0.035033
0.017162
0.011908
-0.008480
0.008567
-0.017500
0.019036
-0.001368
0.023711
0.013111
-0.019199
0.015396
-0.029389
-0.014541
0.027316
0.008199
0.024582
-0.034823
-0.025718
-0.010067
-0.004417
0.024494
0.024159
0.027044
0.008932
-0.018807
-0.031950
0.005332
-0.001859
-0.034833
-0.027189
-0.002495
0.017998
0.020388
0.024694
-0.009104
-0.032781
0.008062
0.025197
0.026599
-0.014496
-0.029671
0.006326
-0.008216
-0.008543
-0.002026
0.035653
-0.019630
-0.001180
-0.025734
0.005972
0.030072
0.034429
-0.005538
0.021447
0.007692
0.011324
0.025166
-0.022645
-0.026204
0.026001
-0.014165
0.006970
0.008330
-0.029445
-0.004004
0.034895
-0.026557
-0.031611
0.024423
-0.035627
-0.010438
0.030421
0.006368
0.017015
-0.013792
-0.031327
0.016999
0.002247
0.003162
0.026933
-0.027450
-0.002435
0.025693
0.002681
-0.016656
-0.002284
-0.021664
-0.027159
0.010740
-0.012199
0.034511
0.032244
0.030440
0.007172
-0.032871
-0.009233
0.006399
-0.023759
-0.005175
-0.004847
-0.023718
0.020056
-0.010095
0.018319
0.001402
0.011782
0.022661
-0.017268
-0.021639
-0.009846
-0.026004
-0.013420
0.023388
0.035357
0.024930
-0.028937
-0.002595
-0.032403
-0.020427
-0.027525
-0.008933
-0.021585
-0.030950
-0.014161
0.021256
-0.028152
0.012275
-0.008014
-0.016242
-0.028569
0.022808
-0.004291
0.027156
-0.022956
-0.021641
-0.007111
0.024495
-0.034648
0.011289
-0.032813
-0.008825
0.020954
-0.010564
-0.021106
0.020642
-0.021303
-0.014374
-0.017622
-0.018037
0.000868
-0.009478
0.008698
0.014952
-0.004759
0.030206
0.000539
0.002758
0.006812
0.028194
0.022185
0.013912
0.015333
-0.017775
0.005399
0.028046
-0.003747
0.033956
0.016873
-0.002727
0.009577
0.019729
0.000000
-53.654644
-40.502276
-45.776845
-54.297600
-56.741276
-53.857477
-53.031901
-61.478841
-49.601288
-54.566004
-104.216602
-64.363028
-41.572158
-52.642633
-62.723864
-68.546070
-67.280969
-64.923340
-73.323629
-61.004746
-64.118305
-119.810243
-76.453471
-54.065860
-65.832703
-73.019196
-78.104227
-77.909125
-72.995379
-86.937075
-70.520750
-77.373908
-144.275430
-42.680852
-28.055753
-36.249546
-41.522245
-44.604928
-42.358379
-41.341665
-46.306069
-38.782112
-41.753644
-78.482860
-59.999575
-39.443526
-48.851557
-56.635028
-64.419993
-59.779138
-63.233725
-67.205923
-55.174415
-57.316794
-110.475070
-36.838328
-23.707329
-28.119004
-37.299660
-33.014057
-33.857172
-34.144823
-35.018383
-30.683456
-34.858595
-63.827698
-53.009016
-37.839184
-43.612246
-51.552400
-54.539659
-52.308300
-52.313718
-57.996977
-48.066183
-51.746587
-98.755022
-72.372682
-49.087800
-58.098720
-70.223784
-77.607639
-73.689568
-72.610218
-83.855716
-67.719333
-72.867847
-136.787426
-68.102334
-48.288983
-57.439062
-66.213213
-70.275854
-65.387783
-66.131247
-73.628478
-63.415968
-66.530762
-126.770347
-72.320619
-51.547195
-60.737998
-70.146933
-77.103499
-70.810060
-71.487097
-80.654031
-63.903704
-73.718129
-137.296325
