0.680375
-0.211234
0.566198
0.596880
0.823295
-0.604897
-0.329554
0.536459
-0.444451
0.107940
-0.045206
0.257742
-0.270431
0.026802
0.904459
0.832390
0.271423
0.434594
-0.716795
0.213938
-0.967399
-0.514226
-0.725537
0.608354
-0.686642
-0.198111
-0.740419
-0.782382
0.997849
-0.563486
0.025865
0.678224
0.225280
-0.407937
0.275105
0.048574
-0.012834
0.945550
-0.414966
0.542715
0.053490
0.539828
-0.199543
0.783059
-0.433371
-0.295083
0.615449
0.838053
-0.860489
0.898654
0.051991
-0.827888
-0.615572
0.326454
0.780465
-0.302214
-0.871657
-0.959954
-0.084597
-0.873808
-0.523440
0.941268
0.804416
0.701840
-0.466669
0.079521
-0.249586
0.520497
0.025071
0.335460
0.063225
-0.921427
-0.124725
0.863670
0.861620
0.441905
-0.431413
0.477069
0.279958
-0.291903
0.375723
-0.668052
-0.119791
0.760150
0.658402
-0.339326
-0.542064
0.786745
-0.299280
0.373340
0.912937
0.177279
0.317448
0.717352
-0.120881
0.849286
-0.201768
0.630893
0.365982
0.819095
-0.027148
-0.542064
0.923248
0.841686
-0.724475
0.751706
0.282161
-0.136093
0.239193
-0.437881
0.572004
-0.385084
-0.105933
-0.547787
-0.624934
-0.447531
0.112888
-0.166998
-0.661983
0.815251
-0.788258
-0.734715
-0.003088
0.492906
0.928454
0.840103
0.360555
-0.200007
0.534631
-0.231011
-0.397112
-0.536410
0.143039
-0.530431
-0.695221
0.464297
-0.749050
0.586941
-0.671796
0.490143
-0.850940
0.900208
-0.894941
0.043127
-0.647579
-0.519901
0.594373
0.463206
0.325263
0.926437
0.223632
0.465352
-0.867988
-0.765621
0.010464
-0.836192
-0.824002
-0.573623
-0.107932
0.572050
0.101035
0.500068
-0.900822
-0.685428
0.999987
-0.591343
0.779911
-0.749063
0.995598
-0.891885
0.741080
-0.855342
-0.991677
0.846112
0.186672
-0.637979
-0.678604
-0.243879
0.761516
0.554717
-0.311187
0.060342
0.183753
-0.093830
0.437196
-0.766062
0.051021
0.434256
-0.452816
0.963329
0.152611
0.754200
0.495634
0.257820
-0.929158
0.495606
0.666477
0.850753
0.746543
0.662075
0.958868
0.487596
0.806876
0.964718
0.310546
-0.068752
-0.737750
0.616113
0.701901
-0.769885
0.349332
-0.458195
0.321053
-0.470980
0.422724
-0.385475
-0.416504
-0.567974
-0.856299
0.270213
-0.552672
0.302264
0.021372
0.942931
-0.439916
0.092214
0.438537
-0.773439
-0.057033
0.184633
0.895078
-0.106430
-0.359670
0.623575
-0.185516
-1.048858
-0.298050
0.247081
0.700506
-0.500649
0.444215
0.040771
-0.005965
-0.422058
0.357377
-0.675421
0.237533
-0.913343
-0.172018
0.391968
0.347873
0.275280
-0.305768
-0.630755
0.218212
0.254316
0.461459
-0.342456
0.477879
-0.602517
0.798423
0.287628
0.248288
-0.509847
0.084951
-0.743943
-0.430600
0.808401
0.463006
-0.703382
-0.712640
-0.310456
0.117389
0.146042
0.317350
-0.418192
0.551549
-0.423241
-0.340716
-0.620498
0.968726
-0.992843
0.654782
-0.337042
-0.623598
-0.126749
0.920823
0.820337
0.494691
0.333509
-0.778431
0.344670
-0.210589
0.596162
0.903720
0.888809
0.820373
-0.499524
0.621712
0.052587
-0.438937
0.774887
0.805193
0.751764
-0.003697
0.152399
-0.674487
-0.452178
0.729158
-0.015202
-0.072676
0.697884
-0.008062
-0.420731
-0.646302
0.355087
0.443559
-0.764527
0.213334
-0.043164
0.619125
0.403072
-0.687113
-0.557827
0.045227
-0.661273
-0.704408
-0.281640
-0.377095
0.845062
0.800826
0.244791
0.674982
0.636255
-0.007851
-0.330057
-0.211346
0.317662
0.217766
-0.482188
-0.697561
-0.862333
-0.789387
0.276457
-0.249768
-0.386849
-0.322489
-0.842673
-0.251051
0.749343
0.028454
-0.500226
0.356839
0.612659
-0.012189
-0.701511
0.737078
0.223745
0.028542
-0.589666
0.116448
-0.147601
0.659878
-0.211223
-0.511346
-0.347973
0.458720
0.277308
0.969668
-0.327509
0.784793
-0.721151
-0.110932
-0.930594
0.598038
0.469752
-0.534697
-0.886047
0.579230
0.431330
-0.809034
0.006407
0.973902
0.383479
-0.621737
-0.092017
0.725251
-0.811730
-0.799555
-0.234208
-0.396474
0.314240
0.618191
-0.736596
-0.896983
-0.893155
-0.081157
0.560456
0.386665
-0.052209
-0.701970
0.232211
0.116344
-0.031628
0.070543
-0.366481
-0.446206
0.848204
0.054831
-0.587227
0.212878
0.000371
0.179737
0.132087
-0.545538
0.660063
-0.861710
-0.802325
0.847456
-0.660701
-0.036533
-0.549018
0.653539
-0.418343
-0.285635
0.750572
-0.239185
0.690280
0.391382
-0.938930
-0.561225
0.466980
0.216814
0.695727
-0.340213
-0.450098
-0.491970
0.267527
-0.787161
0.272782
0.488711
0.375246
-0.618985
-0.200634
-0.370574
-0.131983
-0.538008
-0.228504
0.065692
-0.690552
0.110795
-0.970841
-0.239592
-0.195656
-0.298015
0.546739
-0.438087
0.284956
0.085170
0.847751
0.462397
0.786947
0.539430
-0.219656
0.412202
-0.916039
0.078556
0.670250
0.196705
0.235587
0.009017
-0.201591
-0.274350
0.437734
0.603793
0.355625
-0.694248
-0.934215
-0.872879
0.371444
-0.624767
0.284467
0.494337
0.200831
-0.972434
-1.002480
-0.357702
-0.389417
0.488798
0.947588
-0.434525
-0.182682
0.453519
0.820712
0.327286
-0.357913
0.742241
-0.652579
-0.704472
0.004644
0.657930
0.351308
0.808340
-0.617777
-0.210957
0.412133
0.737848
0.094794
0.491651
0.894646
-0.499732
0.837466
0.055721
0.802224
-0.029758
0.131814
0.984491
0.739256
0.745403
0.318322
0.417565
1.040825
0.845112
-0.386864
0.700281
0.135398
0.253871
0.516373
0.550858
0.589820
-0.474431
0.208758
-0.058872
-0.666091
0.590981
0.730171
0.746055
0.359961
-0.159203
0.196896
0.129666
0.220143
0.040239
-0.701541
0.204345
-0.829346
0.505469
0.146733
0.726300
0.068143
-0.819571
-0.083016
-0.040669
-0.935721
0.617927
-0.230668
0.275328
-0.095755
-0.712036
-0.173844
-0.505935
-0.186467
-0.965087
0.435193
0.147419
0.627341
0.139420
-0.167960
-0.145978
0.866110
-0.996639
-0.954188
0.193768
0.207680
-0.545480
-0.493198
0.313014
0.853285
0.419392
-0.182916
-0.204374
0.674032
0.897535
0.897836
0.798187
0.534027
-0.332862
0.073485
-0.561728
-0.044898
0.899641
-0.067660
0.768638
0.934666
-0.635546
-0.110304
0.498774
0.436771
0.683726
-0.620240
0.418086
0.857737
-0.402973
-0.205286
0.137179
0.118037
0.205956
-0.677493
-0.090872
-0.301797
0.304783
0.833060
-0.578602
0.213084
0.730867
-0.780445
-0.252888
-0.601995
0.293040
0.185386
0.353110
0.192810
-0.865828
0.134662
0.121632
-0.548990
-1.026115
-0.372318
-1.059654
0.769100
0.120461
0.539355
0.793121
0.912459
-0.650211
-0.114203
-0.044845
0.590102
0.278107
0.931378
-0.689312
-0.414222
0.764409
-0.267944
0.798863
0.495276
-0.048389
-0.454026
0.893283
-0.758020
0.747081
0.278541
0.457023
0.868077
-0.660105
-0.491939
-0.736064
-0.674016
0.154936
-0.660151
-0.717872
-0.505490
0.938997
-0.952646
-0.674228
-0.759496
-0.076230
0.297090
0.830441
-0.798286
0.228453
-0.858886
-0.212508
-0.007138
-0.126830
-0.413645
-0.512653
0.823991
0.131618
-0.606442
-0.913729
-0.129508
0.642620
0.517224
-0.285317
0.994743
-0.959019
0.008509
-0.605765
0.327655
0.387624
-0.345570
0.778687
0.293424
-0.317035
-0.899664
0.533402
0.606660
0.397426
0.363843
0.808374
-0.374121
0.504957
-0.404134
0.618741
-0.621873
0.182221
-0.885183
-0.787962
-0.685029
-0.506502
-0.717829
0.189266
-0.870763
0.769763
0.867935
-0.891501
0.847981
-0.061900
-0.486062
0.174022
-0.662326
0.169170
-0.047291
0.631098
0.852135
0.053045
0.164500
0.458795
-0.549529
-0.471656
0.267170
0.076351
-0.966699
0.862840
-0.305104
-0.588423
0.045377
-0.192881
-0.378980
0.364730
0.295119
-0.112124
-0.461955
0.406372
-0.334216
-0.570952
0.518417
-0.483777
0.367148
-0.967645
0.690246
0.704822
0.201525
-0.357045
0.335920
0.053660
0.696000
-0.499579
-0.487544
-0.853529
0.028764
0.779625
0.222822
0.062066
0.642087
0.917339
0.472919
-0.312081
-0.280116
-0.912169
-0.952274
-0.989848
-0.025492
-0.414229
0.416525
0.640292
0.014819
-0.065058
-0.843484
-0.618033
-0.032703
0.846762
-0.913211
-0.831178
-0.510283
0.422710
0.222482
-0.814283
0.923130
0.734938
-0.667812
-0.048105
0.514564
0.555010
-0.986040
0.157225
0.472924
0.487454
0.845144
-0.807192
0.575285
0.892870
-0.797039
-0.450207
-0.521358
0.619486
-0.809915
0.493461
-0.445573
-0.653399
0.875428
0.521724
-0.806637
0.962217
0.690546
-0.316921
0.384927
-0.086972
-0.131204
0.308057
-0.352034
0.200984
-0.740048
-0.837470
-0.244006
-0.726088
0.319755
-0.771082
0.761366
0.164899
-0.578274
0.336651
0.057770
-0.375313
0.886444
0.536411
-0.755828
-0.923470
0.029872
-0.201400
-0.576869
-0.094700
-0.679676
-0.383506
-0.132483
-0.989130
0.299573
-0.747556
-0.076102
-0.831631
0.560501
0.571865
0.367650
0.818750
0.732691
-0.874652
-0.905635
0.054150
-0.645734
0.855732
-0.780951
-0.224008
0.192383
0.276819
0.400679
0.078827
-0.186770
0.644852
0.155357
0.843102
-0.556548
0.578487
-0.251598
-0.236225
-0.804856
0.616083
-0.225192
0.494717
0.866073
0.694551
0.658880
0.423949
0.265550
0.029280
0.245666
0.000943
0.153825
0.343615
-0.941044
0.511891
0.199413
-0.721998
-0.712117
-0.608204
0.554820
0.688562
0.470623
-0.631949
0.333414
-0.374021
-0.788847
0.776868
-0.795367
-0.039749
-0.462675
-0.603649
-0.451621
0.273680
0.842584
-0.609686
-0.050346
0.498239
0.826528
-0.731773
-0.421599
0.119335
0.289044
0.746828
-0.534304
0.347992
0.258719
0.665109
0.625994
0.546602
-0.943095
0.180814
0.235164
0.527528
0.548865
-0.431419
-0.845890
0.761596
-0.664449
-0.700206
-0.348478
-0.182263
-0.310672
0.225403
-0.886457
-0.438402
0.657698
0.173407
-0.810704
0.595631
0.489248
-0.208805
-0.266407
-0.211522
-0.455621
0.199289
-0.863530
0.803097
-0.135602
0.762463
0.349699
-0.078697
-0.056722
-0.414699
-0.550530
-0.510341
0.121711
-0.464513
-0.806779
0.460350
-0.066124
-0.064243
-0.646441
0.649731
-0.796578
-0.460651
-0.664642
-1.004667
0.790757
-0.428854
0.617239
0.300987
0.375054
-0.649174
-0.910541
0.919433
0.550115
-0.774071
0.722530
-0.585487
0.988392
0.072830
0.364890
-0.037265
0.674883
0.788027
0.432341
-0.143700
-0.569535
0.714558
-0.630881
0.374528
-0.356498
-0.299292
0.081784
-0.076264
0.278147
0.424378
-0.079853
0.082285
-0.988314
-0.462632
-0.616739
0.386741
-0.111805
-0.527280
0.306173
-0.561690
-0.301280
0.033854
-0.111270
-0.274089
-0.854003
-0.782615
0.668750
0.831769
1.034253
0.108482
-0.348088
-0.587056
-0.246747
-0.089121
0.740498
0.396165
0.579037
-0.221029
-0.719300
-0.146878
-0.793220
0.200811
0.935388
-0.781533
0.738179
-0.681351
0.605207
-0.373626
-0.208560
-0.074913
0.073495
0.505850
0.942751
0.903721
-0.793219
-0.931570
-0.864612
0.829646
0.848914
-0.895465
-0.140164
-0.600329
-0.537422
0.581703
0.246404
-0.850242
-0.076940
-0.182031
-0.080127
0.203654
0.671065
0.126653
-0.595535
0.606453
0.345120
-0.857356
0.933071
-0.036324
-0.224669
-0.250294
0.859079
0.799021
-0.825621
0.785967
0.769048
-0.603293
0.871942
0.872427
-0.816129
0.664264
0.949188
0.036941
-0.999991
-0.622313
-0.424720
0.255041
-0.476228
0.497357
-0.927008
0.443645
-0.298989
0.744057
-0.429702
0.105475
0.351563
0.928860
0.254693
0.290639
-0.160664
-1.028839
0.929422
-0.325268
0.838214
-0.813409
-0.473703
0.600772
-0.412581
-0.600914
0.486068
-0.211364
-0.990006
0.397532
0.780112
-0.976639
0.772689
-0.646599
0.278397
-0.703539
0.850757
0.351389
0.740105
-0.448111
0.096500
-0.695492
0.657061
-0.556314
-0.789681
-0.153055
0.645569
0.032559
-0.139788
0.671206
0.785538
-0.243273
0.917980
-0.623266
-0.587438
-0.496754
-0.283245
0.836121
0.256806
-0.265763
0.230982
0.034781
-0.242402
0.003671
0.388182
-0.964005
0.300131
0.239060
0.388409
0.034341
0.787451
-0.525482
0.338050
0.399065
-0.122882
0.515706
-0.706169
-0.385669
-0.371291
0.264197
-0.641010
-0.480129
-0.916822
-0.723647
-0.163515
-0.574200
-0.228421
0.555655
-0.740673
-0.973677
-0.710108
0.490309
0.061104
0.047491
-0.506021
-0.550623
0.084572
0.787757
0.681166
-0.543418
-0.197388
0.434535
-0.096025
-0.868862
-0.128158
0.862972
0.753856
0.277186
-0.486563
-0.585302
-0.442957
-0.102568
-0.080459
-0.393564
0.174102
0.752015
0.029698
0.943636
0.307519
0.289024
0.969959
0.597412
-0.220667
0.031184
-0.353982
0.262837
0.473540
0.695634
0.004019
0.116846
-0.847833
0.861176
-0.359409
0.173408
-0.900585
0.576531
0.001948
0.811778
-0.176456
0.559134
-0.720808
0.412204
-0.533834
0.194385
-0.984240
0.638203
-0.053909
0.045458
0.581840
-0.746390
-0.665518
0.551920
0.848572
0.110372
-0.436530
-0.545026
-0.659057
-0.982406
-0.802632
0.455184
0.267626
-0.523576
0.411764
0.891517
0.531043
0.396715
0.404601
-0.413340
0.286635
-0.691118
-0.818704
0.568991
0.718883
-0.354610
-0.236795
0.734643
-0.716407
0.709296
-0.219899
0.865432
0.960467
0.106160
0.385420
0.766422
-0.821574
-1.040498
-0.705255
-0.381844
-0.906294
-0.398106
-0.863037
0.302810
-0.093138
0.366087
0.121679
-0.507436
-0.136658
-0.371422
0.147280
-0.839219
-0.063631
0.326503
0.729746
-0.344748
0.971893
-0.507049
-0.610105
-0.744535
-0.797595
0.161070
-0.910233
-0.888251
-0.779444
0.483833
0.949441
-0.478980
0.578805
-0.644514
0.173688
0.590216
-0.218488
0.132314
-0.169731
0.724369
-0.383372
-0.927827
-0.683975
0.494474
-0.300875
0.461353
0.655229
0.635494
-0.212144
0.384975
-0.709254
-0.247428
0.872046
-0.321439
0.001145
-0.957612
0.806449
0.096142
-0.763962
-0.827180
-0.258775
-0.679704
-0.306593
-0.818077
-0.534019
0.724383
0.761768
0.299781
-0.032913
-0.288219
0.117302
0.600272
-0.218224
0.432399
0.094720
0.480901
-0.106248
-0.250051
0.116395
0.674440
-0.871816
0.393045
-0.563382
-1.017124
-0.962985
0.409356
-0.900539
0.985123
-0.336772
-0.585237
-0.894864
0.234634
-0.500537
-0.329564
0.427429
0.050794
-0.500228
0.294446
-0.587427
0.473814
-0.995582
0.529849
0.074060
-0.213805
-0.037752
-0.831220
-0.740078
0.848827
-0.088445
0.373986
0.521243
0.030889
-0.257677
0.929699
0.065843
-0.070124
0.515797
0.222094
-0.203157
-1.025676
0.419747
-0.170755
0.255551
-0.951969
0.611661
-0.225067
0.136764
-0.889173
-0.931386
0.549319
0.584623
-0.926968
0.079168
-0.341317
-0.147947
-0.965757
-0.179708
0.118047
0.875123
0.733270
-0.529993
0.385432
-0.199121
0.317329
0.465466
0.890814
-0.877816
-0.235260
-0.067669
-0.050628
-0.138757
-0.480417
0.886310
-0.826802
-0.415580
0.498466
-0.051875
0.721174
0.609281
0.016739
0.270492
0.193904
0.089771
-0.657513
0.846117
0.942519
-0.615660
-0.333407
0.058287
-0.724134
-0.564617
0.604493
0.739399
0.192127
-0.192109
0.051409
0.031553
0.043782
0.977867
-0.881762
-0.939869
-0.135097
-0.357907
0.946293
0.038096
0.226508
0.444753
0.986221
-0.052318
0.054035
0.002960
-0.781821
-0.752056
-0.914438
-0.438397
-0.909084
-0.957790
-0.014555
-0.160340
0.195525
0.336217
0.224768
-0.302766
-0.033940
-0.569955
0.590576
-0.891286
0.525358
-0.347806
-0.904516
0.643684
-0.287676
-0.039613
-0.714222
-0.341383
0.998482
0.512286
-0.896630
0.984703
-0.540032
0.157405
-0.012337
-0.321788
0.408213
0.098356
0.289106
0.574803
0.208714
-0.720396
-0.691863
-0.764234
0.451753
0.493315
-0.058652
-0.576791
0.926184
-0.470895
-0.468363
0.451542
0.181299
-0.372880
0.095226
0.893623
0.587507
0.381003
-0.447760
0.585989
-0.106711
-0.344390
0.570763
0.353327
0.815897
-0.425344
-0.932388
0.280076
0.701693
0.317920
-0.260581
-0.239131
0.482260
0.010678
0.000037
-0.065452
-0.496052
0.941385
0.357757
-0.569868
-0.529510
0.889394
0.881674
0.651789
-0.483486
-0.023100
0.545412
-0.895979
-0.642097
-0.902348
0.690010
0.251193
-0.246738
0.269700
-0.386553
-0.424725
0.819057
-0.364152
0.784636
0.457805
0.913222
-0.491135
-0.781326
0.395482
0.519543
0.218712
-0.669970
-0.976509
0.160097
0.687787
-0.546377
0.630587
0.577181
-0.664703
0.282376
-0.906305
0.312197
-0.172212
-0.802285
0.670100
-0.074560
0.887725
-0.078707
0.678701
0.148427
0.525743
-0.755022
-0.032515
-0.838409
-0.970386
-0.574710
-0.925187
-0.461521
-0.356036
0.470295
-0.941979
0.862676
0.800325
-0.918488
0.022773
0.488112
-0.464865
-0.346640
0.065293
-0.129568
0.935736
0.158988
-0.817372
-0.236476
0.356703
0.852729
0.688964
0.244428
-0.225978
0.367666
-0.607145
-0.700236
0.612644
0.360340
-0.538645
0.642258
0.785630
-0.463833
-0.819264
-0.570405
-0.993538
-0.761242
-0.707729
0.806787
-0.679731
0.315043
0.294899
-0.144596
0.968403
-0.639807
0.725836
0.904139
0.519180
0.908464
-0.332336
-0.124117
0.762045
-0.642520
-0.878836
-0.464785
0.724293
-0.486833
-0.165021
0.336937
0.873507
0.296333
-0.020805
0.659137
0.832501
0.159931
-0.911268
0.838963
0.398688
-0.618997
0.645750
0.718958
0.696046
-0.059350
-0.426501
0.664120
0.299980
-0.700665
0.567912
-0.179802
-0.791163
-0.755369
0.704303
0.982647
-0.393422
0.826697
-0.484092
-0.681230
-0.670286
0.340048
0.654111
-0.797109
-0.363618
-0.366694
0.862028
-0.531117
0.793237
0.950761
-0.692154
0.191925
-0.668431
0.953726
-0.089317
-0.966806
-0.100133
0.492559
0.734996
-0.764183
0.844067
0.328173
0.102044
1.067795
0.564602
-0.237975
1.001903
-0.904052
-0.469863
-0.531166
-0.592844
-0.143383
0.809077
-0.938733
0.059508
-0.554541
-0.305427
-0.078463
-0.085659
-0.512384
-0.127897
0.222296
0.680523
0.216499
0.187690
-0.368710
0.268715
-0.891361
-0.872575
-0.007575
-0.666170
0.926243
-0.707560
0.347132
0.890855
0.701771
0.979202
0.815203
0.771461
-0.481526
-0.711600
-0.820782
0.375091
-0.902523
-0.759515
-0.565401
-0.457064
-0.065136
0.355941
0.464441
0.431038
-0.757050
-0.263444
0.131538
0.438487
0.864038
0.693290
-0.324218
0.926037
0.754143
0.595794
-0.774159
0.689895
0.820924
0.499095
0.494409
0.461971
0.468875
0.305176
0.227614
0.980329
0.593576
0.406832
0.355420
0.691053
0.647123
0.789825
-0.764678
-0.377994
0.221624
0.756318
-0.947775
0.416260
-0.580944
0.199114
-0.088917
-0.694270
-0.161235
0.488651
-0.794847
-0.335885
0.135658
-0.598475
-0.764678
-0.149512
0.819272
0.686358
-0.711035
0.274108
-0.008466
0.516579
0.254437
-0.414889
-0.076783
-0.394492
-0.721403
-0.405838
-0.563449
-0.418679
0.185323
0.599455
-0.711936
0.262563
0.024812
-0.333233
-0.677696
0.733758
-0.201896
0.114730
0.245391
-0.016541
0.662958
-0.718363
0.298135
0.837985
0.092497
0.103266
0.524343
0.381461
-0.622626
-0.484123
-0.102154
0.626300
0.110295
0.849221
-0.765947
0.408046
-0.584762
-0.302148
0.936136
0.616090
-0.707255
-0.826999
-0.260691
0.099481
-0.351577
-0.021609
-0.145716
0.486378
-0.910501
-0.953108
-0.584507
0.674544
-0.705876
0.699384
0.512528
0.386621
-0.197350
0.036871
-0.232112
0.179820
0.550175
0.680845
-0.191295
-0.337943
0.483217
0.059295
-0.942695
0.904885
0.768666
0.990654
0.469147
0.886479
-0.995266
-0.868982
-0.040056
-0.299159
0.152270
0.838943
-0.866195
0.135634
0.861750
-0.464843
-0.189823
-0.844126
-0.765459
-0.677294
0.542756
0.036815
0.360301
-0.694233
-0.786545
-0.096297
0.954667
0.038054
0.607940
0.516477
-0.840037
0.699809
0.408466
0.831175
0.502792
-0.255924
0.641090
0.540568
-0.068461
-0.343296
-0.809935
0.996284
-0.522253
-0.683368
0.131917
-0.660504
-0.148212
0.942095
-0.502569
0.087551
-0.749665
-0.965161
-0.894861
0.610576
-0.669786
-0.628612
-0.375526
-0.575332
0.472618
-0.766638
0.888116
0.505589
0.680498
0.100666
0.224314
0.229435
0.923290
-0.110139
-0.262871
-0.199704
0.541194
-0.073244
-0.203421
-0.981060
0.243388
0.928497
-0.639503
-0.901630
0.866403
-0.130788
0.130246
-0.884269
-0.150336
0.359361
0.872261
0.332239
0.748247
-0.556665
0.677999
0.036362
-0.652882
0.307327
-0.548352
-0.870845
-0.492763
0.696621
0.314018
-0.609327
-0.412018
-0.949290
0.190969
-0.870825
-0.022534
0.987548
-0.849780
-0.771793
0.925994
-0.484366
-0.703656
0.764948
0.303444
0.496794
0.952856
-0.710568
-0.083344
0.805526
0.557653
-0.559693
0.932588
0.015228
0.464244
-0.599452
-0.559030
0.937683
-0.516310
-0.099767
0.629589
0.790249
0.290906
-0.782430
0.840959
-0.518125
-0.651194
-0.170770
-0.510486
-0.431921
0.091317
-0.634613
-0.075346
0.271658
-0.855431
-0.643252
-0.087935
-0.822618
-0.360033
0.624931
0.736037
-0.905506
-0.896002
0.805852
0.213742
0.578064
-0.860956
0.575459
0.499379
-0.391849
-0.524308
0.128968
-0.601600
0.766598
0.348599
-0.738593
-0.699382
0.790756
0.196385
-0.262814
-0.900148
-1.017975
-0.029009
0.072180
0.388905
0.232035
0.497210
-0.757546
0.335329
-0.811296
0.984849
0.208072
-0.671342
-0.925182
-0.092935
0.434453
0.631983
0.031425
0.009912
0.131362
0.639576
0.485604
-0.739864
-0.938314
0.312424
0.746470
-0.552102
0.641535
0.288240
0.260769
-0.868400
0.410778
0.388106
0.306171
-0.366486
-0.186818
-0.434550
-0.766653
0.247085
1.047818
-0.551713
0.158941
0.119642
-0.334588
0.214773
-0.987756
-0.900134
-0.153244
0.043669
0.109778
0.978202
-0.294582
-0.342710
-0.641943
-0.114187
1.002490
0.953624
0.047177
0.380165
0.173954
-0.596926
0.628087
-0.424809
0.661485
-0.139218
0.315874
-0.264214
0.572265
0.592828
0.846924
0.460271
0.935137
-0.009407
-0.434331
-0.399451
-0.794634
-0.422087
-0.299585
0.049944
0.627877
0.861479
0.128460
-0.566210
-0.476466
0.361193
0.104878
-0.643268
0.218205
-0.862214
0.597187
-0.783303
-0.714251
0.168328
-0.071246
-0.764934
-0.874797
-0.756336
-0.218528
0.550278
0.745682
-0.385267
-0.003695
0.680819
0.605326
0.561974
-0.718632
0.808514
-0.863315
0.023992
-0.064417
0.855882
-0.076884
1.024058
-0.791742
0.325660
0.263525
0.183317
0.457186
-0.790163
0.101485
0.057014
-0.398577
0.548369
-0.713815
0.455285
0.606283
-0.715511
0.633335
-0.626099
0.820523
0.379017
-0.011366
-0.183172
0.056306
-0.409765
-0.623376
0.365079
-0.569171
-0.414700
-0.562359
0.381453
-0.595423
0.223484
0.245050
-0.609803
-0.688906
-0.690854
0.456563
0.805622
-0.316984
-0.379425
-0.140987
0.145574
-0.962206
0.042731
-0.438298
0.630325
0.313079
-0.804963
-0.995774
0.133602
0.570524
-0.010865
0.946705
-0.379483
0.581303
-0.662159
0.996177
1.085778
-0.031790
-0.579458
0.334279
0.173584
0.452866
-0.551365
0.540671
0.802747
-0.192476
-0.035727
0.512491
0.346568
0.475910
-0.688856
-0.527021
0.500054
0.339837
0.034681
0.130379
-0.347084
0.229718
0.131075
0.782788
-0.219280
-0.928343
0.695991
0.377801
0.676736
-0.879058
0.449740
0.724992
-0.030255
0.735883
0.011394
-0.877218
0.207064
0.426634
0.534430
-0.150808
-0.874301
-0.569933
-0.661782
0.465637
0.899152
-0.357657
0.938616
0.399206
0.982180
-0.026703
-0.470373
-0.364863
-0.815945
0.624239
-0.651748
-0.097313
0.706572
-0.896770
-0.613388
0.432130
-0.805504
0.850542
0.227850
0.159281
0.590434
-0.820519
0.181035
-0.308075
0.560566
-0.302237
0.541365
0.686459
0.127830
0.879583
0.152096
0.026982
-0.478074
0.090711
-0.573812
-0.495895
-0.935992
-0.050862
0.137430
-0.718808
-0.369487
0.599517
0.283231
-0.573356
0.736356
0.735972
0.916135
0.942331
0.575466
0.129261
0.082964
0.143509
0.305662
-0.736000
0.835434
-0.133772
-0.038238
0.376799
-0.447313
-0.910408
0.256382
0.704783
0.116574
0.778308
-0.194706
0.552562
-0.705382
-0.115494
-0.465132
0.446493
0.140494
0.134961
-0.010612
-0.599664
0.530116
-0.298198
-0.881405
0.447676
-0.354081
0.694061
-0.423063
0.728884
-0.162430
0.882599
0.992883
-0.326995
-0.251174
-0.045355
-0.950196
0.301513
0.044237
0.306185
0.006296
-0.839189
0.084493
0.801782
0.703564
0.366898
-0.338707
-0.797893
-0.211480
0.787819
0.320605
0.770948
-0.811845
-0.149279
-0.527250
-0.693250
-0.701603
0.118669
-0.999189
-0.124666
-0.152447
-0.161619
-0.242068
-0.159564
0.511386
0.506758
0.795082
0.561190
-0.191728
-0.160681
-0.132625
0.814568
0.000130
0.951868
0.616358
-0.296297
0.318774
-0.722349
-0.094190
-0.892705
-0.934530
-0.773585
0.878242
-0.746375
0.077136
-0.649008
-0.439625
0.375533
0.469662
-0.438814
-0.749134
-0.682785
0.399568
0.008799
0.157651
-0.089047
-0.484443
-0.047267
-0.527857
0.323828
0.792052
0.339518
0.138396
-0.207818
0.291386
-0.245246
0.495884
-0.389840
0.032406
-0.598306
-0.282545
0.097876
-0.371891
-0.404303
0.351501
0.705244
-0.053311
0.911876
0.080777
-0.583649
-0.526938
0.331644
-0.266434
0.872630
-0.659558
0.891216
-0.216417
-0.144001
-0.156051
0.255726
-0.820173
-0.364008
-0.404765
0.318214
0.428182
0.886630
-0.927022
-0.075933
-0.503210
0.105384
0.325761
0.214245
-0.796740
0.953869
0.809942
0.554760
0.659114
-0.243369
0.466636
-0.260109
0.172982
0.939698
-0.928465
0.906436
0.805364
-0.588135
0.797653
-0.415226
0.256830
-0.369432
0.844122
0.440949
0.270869
-0.548939
-0.229817
-0.289956
-0.666507
-0.161007
0.629964
-0.169699
0.944388
-0.044276
-0.955454
-0.852352
-0.090406
0.854488
0.702408
-0.431292
-0.388881
0.169044
0.308599
0.777137
0.100717
0.360668
0.670751
-0.114136
0.758640
0.469511
0.506523
0.049606
-0.891246
0.345218
-0.502329
0.406394
0.819549
0.273905
-0.886262
-0.850989
-0.887078
0.743702
-0.020688
-0.942690
-0.300574
0.023858
-0.795043
0.609020
-0.121655
0.907365
-0.822273
0.481455
0.067692
0.463763
0.241457
-0.837863
-0.153974
-0.056407
0.094993
-0.352541
-0.569837
-0.410557
0.679912
-0.443320
0.988616
-0.773661
0.990597
0.807324
0.500465
-0.895665
0.956335
0.613386
0.848036
-0.064354
0.670696
-0.452538
0.959504
0.875653
-0.844423
-0.170947
0.760630
-0.686291
-0.686794
-0.142474
0.821692
0.604246
0.047083
-0.311157
-0.441740
-0.862279
0.311698
-0.016951
-0.230719
0.061124
0.600469
-0.234169
0.290769
0.591075
-0.426845
-0.208766
0.695410
-0.470511
-0.595380
0.543446
0.465136
-0.924684
-0.910226
0.411527
0.931142
-0.767008
-0.736614
0.737793
-0.413380
-0.404520
-0.405819
-0.604046
-0.815657
0.630848
0.068122
-0.277457
0.765665
-0.570312
0.770388
-0.437197
0.498914
0.373976
0.328632
-0.210317
-0.034949
0.901787
0.580917
-0.339540
-0.568724
0.985422
-0.804079
0.883931
-0.942607
-0.718172
0.325660
-0.994686
-0.459485
0.577853
0.739054
0.118787
-0.832159
-0.666049
0.507032
-0.665102
0.954074
-0.389925
0.116602
0.766009
0.049757
-0.106702
-0.671190
-0.451329
-0.732726
0.657442
0.338354
0.232325
0.559229
-0.080846
0.879848
0.985498
-0.099980
-0.912722
0.890116
-0.032308
-0.607706
0.208953
-0.030343
-0.073011
-0.208120
-0.282872
-0.961898
-0.062818
0.039485
0.578461
0.323844
0.039721
-0.801485
-0.551324
-0.194272
0.248272
0.341975
0.134538
0.796943
0.609249
-0.208020
0.135180
-0.163606
-0.653692
-0.960399
-0.261143
-0.645433
-0.035531
-0.168276
-0.771374
0.924593
0.215633
0.430074
-0.104026
-0.871531
-0.788286
0.610653
-0.791251
0.187942
-0.314783
0.797234
-0.478163
0.728032
0.995749
-0.029487
-0.466240
0.244021
-0.687512
0.668183
0.037750
0.916716
-0.544623
-0.835595
-0.232632
-0.175763
-0.764728
0.498691
0.152946
0.190347
-0.678628
0.375592
0.099835
0.524129
-0.190403
-0.987344
0.692125
0.041522
0.640346
0.921335
-0.760497
-0.668131
0.718570
-0.238660
-0.940100
0.714319
0.731853
-0.406455
-0.044874
-0.960681
-0.742952
0.989284
0.970221
-0.265809
-0.808701
-0.257945
0.547291
-0.578940
-0.766925
-0.315841
0.582106
-0.461527
-0.931309
-0.290212
-0.908374
-0.117825
-0.273624
0.814619
0.933737
-0.626856
0.735955
-0.826760
-0.294987
0.454524
-0.065420
-0.235202
0.163822
-0.338589
0.353641
-0.882822
-0.287426
0.632748
-0.860890
-0.310768
-0.644324
-0.681703
0.403431
0.862115
-0.306105
0.646576
-0.436263
-0.696433
-0.825836
-0.372837
0.013657
-0.703846
0.519377
0.746455
-0.889227
0.453114
-0.880400
0.846728
0.626354
-0.175503
0.296231
-0.444088
0.584876
-0.535846
0.229270
-0.038775
-0.390035
0.938816
-0.431545
-0.274629
-0.420625
-0.115805
0.023636
-0.976789
-0.199895
0.729708
0.639746
0.346299
-0.963922
0.843623
0.983501
0.056157
-0.860223
0.502878
-0.197387
-0.749450
-0.044008
-0.077903
-0.905933
-0.422684
0.742188
0.392602
0.146171
0.349733
0.869868
-0.629409
-0.715607
-0.552026
-0.726429
-0.154666
0.189562
-0.072844
0.776413
-0.801727
-0.069481
-0.452144
0.949614
-0.400450
0.903700
0.989019
-0.556826
0.887201
0.045177
-0.417049
0.390079
0.847674
-0.169717
-0.658956
-0.234523
-0.077331
-0.066434
-0.473456
-0.670175
-0.928496
0.834235
-0.828034
-0.582971
-0.861159
-0.336123
-0.245656
0.002561
0.840585
0.670810
-0.249331
-0.931141
-0.380078
0.307574
-0.981295
0.219472
0.211274
-0.992276
0.662646
0.098475
0.052901
-0.757622
-0.516383
-0.104114
0.082065
-0.170528
0.684299
-0.989606
0.734484
-0.839561
-0.677201
0.828246
-0.958064
-0.462848
-0.719805
-0.809731
0.188129
0.024204
0.164620
0.054448
-0.296885
0.924224
0.123424
0.323036
0.231799
0.142129
-0.457492
-0.556927
0.149845
-0.798064
0.536532
-0.802148
-0.553625
-0.975276
0.116122
0.499349
-0.162979
-0.235210
0.542961
-0.379144
-0.038247
0.878943
-0.534676
0.010518
-0.597726
-0.264059
0.175488
0.616975
0.767792
-0.650300
-0.328575
-0.529094
-0.726076
0.794848
0.793943
0.505723
-0.063031
-0.664577
0.944683
-0.918205
-0.462582
0.482978
-0.713735
-0.034013
0.509269
0.394140
-0.474413
-0.622006
-0.832769
-0.934335
0.012606
0.124660
0.927581
0.464656
-0.869118
-0.643140
-0.784965
0.311827
0.973835
0.982826
0.661528
-0.354740
-0.546267
0.935452
-0.559892
-0.753239
0.437058
0.371026
-0.427788
0.372509
0.436180
0.119083
-0.114176
0.758784
-0.881280
-0.603171
0.149996
-0.358472
-0.223425
0.303414
-0.310607
0.790121
-0.557508
-0.356948
0.274322
-0.426349
-0.000089
0.489357
0.885478
-0.026253
0.472183
0.547006
0.619006
0.925908
0.474429
-0.952486
-0.848447
-0.109869
0.406721
-0.250117
-0.689520
-0.098824
0.881118
0.179942
-0.352259
-1.007166
0.573554
0.800082
-0.365872
-0.619674
0.113811
0.344043
-0.820521
0.556303
0.987095
0.453801
-0.870046
-0.012994
-0.056843
-0.984568
0.960753
-0.584660
0.554485
0.562140
-0.691991
0.009702
0.615402
-0.494295
0.948134
0.056572
0.251445
-0.745284
0.955556
0.133964
0.460851
-0.384177
0.141761
0.070452
-0.571076
0.799374
0.451326
0.542734
0.143416
0.630804
0.099037
0.130511
0.084605
0.228991
-0.882483
-0.972239
0.244389
-0.923264
-0.568354
-0.208022
0.644279
-0.220608
0.847288
0.291134
0.291086
0.804372
-0.636323
-0.436133
-0.897054
-0.643132
0.727107
0.578462
-0.024048
-0.114670
-0.350817
0.404875
-0.315297
-0.899491
-0.052391
0.828120
0.731313
-0.953354
-0.041381
-0.184094
0.275625
0.076136
-0.156199
-0.479058
0.155869
0.288376
0.328486
-0.185633
-0.928990
0.170519
-0.890722
0.370348
-0.001038
-0.518677
0.942116
0.101378
-0.171519
0.669898
-0.320160
0.804433
-0.444773
0.329023
0.209308
0.239931
0.429532
-0.843083
0.068050
0.160845
-0.796437
-0.973317
0.977132
0.480021
0.103719
-0.178943
1.000255
-0.740978
-0.892781
0.318150
0.069693
-0.821632
-0.495139
0.179044
0.548714
0.503824
0.660368
0.490830
-0.394798
-0.511151
0.160728
0.285042
-0.706718
0.715955
-0.385935
0.502590
-0.044114
-0.956403
0.659509
-0.976062
0.204810
0.863577
-0.948809
0.182193
0.343148
0.153566
-0.998351
0.341532
0.410695
-0.891125
-0.332286
-0.519610
-0.712757
0.172575
0.659434
0.835957
-0.323601
0.319802
0.326787
0.281600
0.808651
-0.512485
-0.433358
-0.898067
-0.796529
0.180707
0.604524
0.159357
0.224304
0.264057
0.183319
-0.571228
0.127101
0.233911
0.609950
-0.530628
-0.612642
0.611599
0.810904
0.798053
0.720474
-0.521382
-0.721557
-0.992283
0.651193
0.937877
0.843674
-0.672408
0.257679
0.170461
0.609192
0.066330
0.657976
-0.824166
0.168264
0.861447
0.356542
-0.227212
0.020804
-0.419154
-0.963182
-0.795903
0.009592
0.163919
0.438007
-0.380458
0.633291
0.825365
-0.768859
0.444195
0.623418
0.951615
0.922812
0.901860
0.959332
0.574005
0.839737
0.803005
0.901597
0.097416
-0.026534
0.510789
-0.836253
-0.368558
0.686623
0.332011
-0.507111
0.043165
-0.895202
0.513693
0.624011
-0.858383
0.717789
-0.366397
0.305536
0.155797
0.253145
-0.061173
-0.018838
0.484286
-0.616979
-0.395421
0.435901
-0.694166
-0.493560
0.395233
0.879839
-0.653823
0.198238
0.781436
0.443594
-0.828296
0.292225
0.607341
-0.196853
-0.021152
-0.060649
0.296036
-0.977986
0.044150
-0.190272
0.646025
0.185767
-0.472482
-0.720372
-0.508697
0.683314
0.532773
0.430129
-0.335524
0.017060
0.813151
0.269056
-0.547039
-0.881015
0.775495
0.848194
0.998824
-0.878328
0.043891
0.777365
0.562725
0.215595
0.057926
0.158047
-0.993276
-0.970064
-0.920042
0.280799
-0.951630
0.146495
-0.891613
0.706838
-0.666803
-0.345435
0.999001
-0.166823
-0.662121
0.531774
-0.736693
0.002355
-0.451166
-0.923543
-0.728589
0.001796
-0.804006
-0.952542
-0.152353
-0.814762
-0.858961
0.860630
0.916526
0.662009
0.022871
-0.060869
-0.220080
-0.012208
-0.017318
-0.046179
-0.577900
0.162581
-0.833689
-0.419240
-0.108934
-0.483608
0.234773
-0.109934
0.349570
0.572652
-0.578159
0.612876
-0.424992
-0.028773
0.689861
-0.153564
0.956443
0.862600
-0.130750
-0.228057
-0.935214
0.052288
-0.332792
-1.006482
-0.291180
0.729006
-0.046723
0.565222
-0.125059
-0.833654
-0.291791
0.422902
0.371152
-0.104873
-0.997349
-0.738316
0.411519
0.237424
0.151751
-0.238911
-0.189923
0.574143
-0.625508
0.382629
-0.468584
-0.944184
-0.765856
-0.478098
0.965486
0.122241
0.324277
-0.988880
-0.823849
-0.954212
-0.930372
-0.058323
0.794002
0.131834
-0.340322
-0.143873
0.378839
0.403404
-0.716754
-0.249190
-0.699584
-0.714102
0.012494
0.711936
0.523322
-0.835203
-0.526448
-0.662977
0.746658
-0.122370
0.786477
-0.643838
-0.027686
0.977850
-0.190211
-0.095181
0.143476
-0.751527
-0.023236
0.343162
-0.775780
-0.064288
-0.772588
-0.914572
-0.847324
-0.073179
-0.051563
0.527623
-0.666004
0.231683
-0.721567
-0.365588
0.517581
0.291479
-0.643012
0.058592
0.494579
-0.108112
0.469057
0.285445
0.711417
0.083546
0.493621
-0.414805
0.094230
-0.626906
0.551975
-0.763281
-0.518295
-0.682458
0.361855
-0.384340
0.288344
0.620882
-0.304265
0.434095
-0.448135
0.644173
-0.038282
-0.114139
-0.124144
0.240702
0.535252
-0.585923
-0.436596
0.917940
0.496052
0.998397
-0.339595
-0.238510
0.149676
-0.687509
0.903280
-0.311153
0.035092
0.059245
0.022847
-0.579871
0.050976
0.338119
-0.314558
-0.561360
0.948404
0.971187
-0.935924
-0.355861
0.405282
-0.384058
-0.711688
-0.632449
0.510081
0.197191
0.645842
0.079485
0.595691
-0.874144
-0.157665
-0.069573
-0.927552
0.522569
0.761913
0.298828
0.999732
0.798603
1.044325
-0.097313
-0.362772
-0.118046
0.225504
0.706113
-0.773275
0.904615
-0.851084
-0.824870
0.875802
-0.787008
-0.180731
0.281652
-0.169088
0.129971
0.692034
-0.597001
-0.710503
0.204612
0.261653
0.751990
0.300908
-0.856301
-0.273343
0.457197
0.844171
-0.325596
-0.124877
0.791360
-0.670662
-0.231654
-0.406365
-0.027587
0.666198
0.819416
-0.321885
0.892923
0.724031
-0.172969
-0.931947
0.593088
0.037901
-0.091526
-0.066333
0.933750
0.974675
-0.517221
-0.895548
-0.849036
0.665679
0.459047
-0.987457
0.128878
0.783481
-0.063346
-0.269550
0.642112
0.523325
0.505737
0.349790
0.865397
-0.702923
0.952815
-0.166781
0.963275
0.772232
0.511334
0.856198
0.489518
-0.664584
0.929339
0.132733
0.439020
-0.200027
0.942676
0.174533
-0.278000
-0.567944
0.395532
0.016229
-0.722427
0.030483
0.193522
0.497557
-0.201793
-0.925953
-0.847834
-0.597403
0.627939
0.680867
0.757287
0.488745
0.977944
0.710102
-0.678037
0.941219
0.473993
0.826560
0.788151
-0.003241
-0.798431
0.703396
-0.916375
0.545699
-0.466531
-0.927402
-0.177070
0.380507
-0.375794
-0.672829
-0.545673
-0.150245
0.242861
0.528958
-0.701733
-0.965928
0.668904
-0.520536
-0.558654
0.294066
-0.839669
-0.801367
-0.217189
-0.861724
0.901990
0.090260
-0.926202
0.374241
-0.071303
0.881361
-0.601023
0.170159
0.647085
-0.464965
-0.255359
-0.775155
-0.388671
0.534298
0.503088
0.062576
0.693402
0.824103
0.880489
-0.061051
0.466445
-0.782355
-0.016859
0.134778
-0.302890
0.424487
-0.571156
-0.142559
0.616375
0.194396
-0.035466
0.489350
-0.765182
0.046372
-0.053244
0.307673
0.030848
0.416632
-0.499061
-0.313764
0.835542
0.092910
-0.271726
-0.776248
-0.547747
-0.912536
0.262967
-0.823838
-0.961546
0.188547
0.128398
0.504790
0.406192
-0.888460
-0.360432
-0.896698
0.536579
0.044630
-0.076014
0.078661
-0.841567
0.815194
-0.363632
-0.396544
0.067990
0.720634
0.965726
1.072767
-0.063081
-0.762703
-0.462218
-0.371668
0.182000
0.146835
-0.144483
0.713126
0.368802
-0.836717
0.903240
0.409513
0.351830
0.031638
-0.085697
-0.241978
0.143160
0.532301
-0.175305
-0.405372
-0.513684
0.645737
0.682933
-0.214059
0.742088
-0.423059
0.534475
-0.170711
-0.832292
0.387329
-0.208916
0.017111
0.488076
0.248935
0.671787
-0.195689
-0.456770
-0.430252
-0.475259
0.916586
-0.266969
-0.572018
0.326099
-0.915139
0.454105
-0.778186
-0.183384
-0.455339
0.684404
0.567372
0.145344
-0.696955
0.505147
0.172797
0.366375
0.339745
0.665367
-0.167591
-0.903845
0.721756
-0.918364
-0.147480
-0.171127
0.730928
-0.764808
-0.463954
-0.463040
-0.217024
0.105794
0.061701
-0.300438
0.838825
0.484117
-0.976554
0.901925
-0.094046
-0.801326
-0.372761
0.420895
-1.025593
-0.523589
-0.108469
-0.449456
0.999026
0.968490
0.779412
0.275432
0.517918
-0.445890
0.371672
0.392378
-0.220593
-0.676452
-0.760072
-0.486215
-0.436706
-0.224026
0.050745
0.346270
0.881723
-0.887054
-0.963793
0.707259
0.563802
-0.989783
0.553600
-0.535386
-0.702560
-0.582310
-0.845130
-0.564173
-0.120765
-0.093214
-0.201531
-0.196215
-0.197497
-0.386634
-0.835126
-0.508182
0.282784
0.595481
0.893396
-0.934750
0.923191
-0.866677
-0.420965
-0.513515
-0.090747
0.630279
0.829205
-0.224495
0.705207
0.851989
-0.502410
0.308877
0.938466
-0.812399
0.906006
-0.696196
-0.508892
0.895235
-0.417586
0.349876
-0.126578
0.509696
-0.686240
0.822718
-0.770453
-0.494275
-0.674706
0.514999
-0.895023
-0.781311
0.580249
-0.971832
-0.647987
-0.840768
-0.488891
0.258804
0.787074
-0.626801
-0.889658
0.604661
-0.699536
-0.347848
-0.065395
-0.808591
-0.316923
-0.278508
-0.622698
0.211787
-0.282361
0.128151
-0.271843
0.703675
-0.290458
0.062248
0.536754
-0.059577
0.569858
0.862047
-0.544578
0.674835
-0.919263
-0.965173
0.702159
-0.566885
-0.786203
-0.711467
0.791688
1.106391
-0.281599
0.892443
0.646607
-0.125743
-0.683794
-0.633456
-0.061385
0.026996
0.167376
0.430846
-0.682816
0.933146
-0.419917
0.052346
0.640856
0.289625
-0.885407
0.177610
-0.769952
0.684451
0.039657
-0.314530
0.359286
0.120393
-0.262041
0.087476
0.581483
-0.027762
0.347291
0.313094
-0.042718
0.857122
-0.016289
-0.589724
-0.365329
0.304101
-0.193619
0.603205
-0.665466
0.968772
0.034051
-0.348282
0.901918
0.614134
0.704064
0.542774
-0.096241
0.818657
-0.279616
0.133807
0.503108
0.772841
0.832076
-0.117468
-0.093624
-0.419800
0.970191
-0.525269
0.488951
0.213409
0.680779
-0.643372
0.049638
-0.325585
-0.227948
0.685708
0.978517
0.578434
0.288914
-0.686950
0.547206
-0.677035
-0.035232
0.449124
0.937099
-0.331168
-0.008101
-0.159142
-0.512511
0.712283
0.974664
0.990597
0.475085
0.796702
-0.144247
-0.647242
-0.665643
-0.222325
-0.213665
0.790870
0.982304
-0.532886
-0.852502
0.031942
0.141530
-0.080450
-0.282350
0.120047
-0.502016
-0.993436
0.433097
-0.954810
-0.670471
-0.602135
0.494314
-0.733372
0.066697
-0.513788
0.107485
0.554186
-0.801505
0.082149
0.544783
0.670818
-0.123910
-0.602225
-0.976424
0.210447
0.175450
-0.190089
0.001317
0.157754
0.277026
0.148815
-0.810304
-0.581444
-0.931634
-0.092654
0.538602
-0.433650
-0.086090
-0.028301
-0.388461
0.243439
0.369564
-0.894147
0.510066
-0.563739
-0.407935
-0.382448
0.990447
-0.209440
0.699701
0.535230
-0.538621
-0.424210
0.933005
-0.515045
0.786237
0.108455
0.294866
-0.212445
-0.733791
-0.428108
0.936370
-0.544096
-0.009552
-0.995265
0.363250
-0.470950
-0.428915
-0.722840
0.500749
0.182624
0.520599
-0.129687
0.288477
0.030665
0.306574
0.880543
0.648219
0.297023
-0.328895
0.347918
-0.167749
0.132482
0.923708
-0.234744
0.617437
0.709946
0.873712
-0.087697
-0.502500
-0.860080
0.484195
-0.566130
-0.404175
-0.525357
-0.561394
0.959075
0.003692
0.009691
-0.763858
-0.489924
-0.807778
0.756741
0.375939
0.481979
-0.211297
-0.313318
0.367780
-0.552535
0.989371
-0.965318
0.775217
-0.200157
0.159492
0.707343
0.575857
-0.217644
0.417289
0.449569
0.694659
0.914789
0.589489
0.178854
-0.651341
-0.814686
0.652915
-0.213356
-0.850597
-0.331837
0.844388
-0.576550
0.157529
0.968325
-0.873159
-0.480719
0.469245
-0.094331
0.184940
-0.176759
0.373843
0.169204
-0.150818
0.143727
-0.993336
-0.971245
-0.148349
0.582522
-0.188889
-0.731060
0.032091
-0.494230
-0.816271
-0.379002
0.683505
-0.468612
-0.188682
0.408960
0.430568
0.069636
1.058589
0.157591
0.372749
0.203484
0.176527
0.550495
0.823449
-0.323116
-0.521502
-0.028358
0.436408
0.761949
-0.893127
-0.728827
-0.100696
-0.886233
-0.700073
0.750956
0.696289
0.111038
-0.980104
-0.272202
0.615689
-0.797312
0.355400
0.342642
-0.223400
-0.805681
-0.347521
-0.907973
0.141725
-0.303549
0.201435
-0.504574
0.830656
-0.693405
0.924119
0.518286
-0.136856
-0.686499
-0.604061
-0.738570
-0.941274
-0.496732
-0.467398
-0.041970
-0.382965
-0.167471
-0.291014
-0.687258
0.942448
-0.280957
0.042680
0.585007
-0.046437
-0.532232
-0.091341
0.687993
-0.347660
0.595672
0.800510
0.712174
-0.820672
-0.088438
-0.918948
0.878807
0.142476
-0.997745
0.413561
-0.971298
-0.690165
0.809317
-0.709870
-0.631440
-0.687415
-0.177268
0.326590
-0.070962
0.654206
-0.962659
0.221319
0.573868
-0.194809
-0.651073
0.222427
0.771536
-0.204818
-0.880195
0.456994
0.315788
0.551290
0.057070
-0.200302
0.539938
0.931806
-0.039458
0.590299
0.166929
-0.015717
-0.000239
0.189437
0.294118
-0.190922
0.479567
0.662678
0.121081
-0.701034
-0.023349
-0.988626
0.886389
0.042369
0.327773
0.580084
0.851269
0.645354
-0.231168
0.539980
-0.703333
-0.248878
-0.194522
0.352426
-0.868307
0.870726
-0.667695
0.921627
0.933739
0.339667
0.504161
0.088283
-0.676050
-0.496078
-0.722280
0.618067
0.312418
0.752617
0.247923
-0.625373
-0.955601
-0.698420
-0.473196
-0.984194
0.357542
0.794754
0.595468
0.141630
0.397563
-0.715857
-0.497671
0.450874
-0.094750
0.346066
0.070518
0.282407
0.363598
0.455727
0.202229
0.291143
-0.204606
-0.293611
-0.620574
0.119343
0.204564
-0.354444
-0.302146
-0.531545
-0.582537
-0.952414
-0.022817
-0.553424
-0.772516
0.446153
-0.444874
0.648827
0.274117
-0.920927
-0.406544
-0.565915
-0.792587
0.151805
-0.828151
0.364855
-0.341605
0.291603
-0.335786
-0.976615
-0.252671
0.866443
0.314528
0.542723
-0.433453
0.679901
-0.372299
0.732997
-0.618793
0.446337
-0.648691
-0.202593
0.432401
0.308347
0.329900
0.823661
-0.187171
0.842332
0.271921
0.809703
0.682356
0.865720
-0.510560
-0.867943
0.192230
-0.287057
0.528776
0.853413
-0.995455
-0.807009
0.876798
-0.248125
-0.946852
0.176718
-0.726346
-0.403932
-0.101920
0.021641
-0.491386
0.277727
-0.613262
-0.239415
-0.922179
0.924664
1.186560
0.427196
0.516568
-0.375780
-0.090232
-0.314153
-0.402058
-0.249290
-0.276985
0.142657
-0.083149
0.918033
0.855599
-0.554373
0.771446
0.860145
-0.367664
0.627424
-0.398693
-0.304794
-0.186840
-0.089662
0.274684
0.650022
0.827339
0.747168
0.042384
-0.609589
-0.365627
0.036380
0.988266
-0.554528
-0.848343
0.398049
0.123397
0.166094
-0.760242
0.775600
0.944412
-0.034430
-0.081743
-0.138737
-0.116397
-0.226144
0.300605
-0.361573
-0.354500
0.936880
-0.718358
0.116426
-0.514959
-0.005159
-0.930764
0.928467
-0.073002
-0.897337
0.807593
0.830442
-0.768170
-0.831057
-0.268391
-0.803887
-0.385010
-0.012086
0.706083
0.789595
-0.826497
0.942454
0.565195
-0.882085
-0.091976
-0.516548
-0.027107
0.794000
0.274365
-0.742547
-0.600579
0.694156
-0.966421
-0.414204
0.041750
-0.156387
0.947951
0.315742
-0.090094
-0.218909
0.306472
-0.428824
-0.454968
0.530008
-0.265083
0.372800
0.774552
0.396885
-0.621710
0.471047
0.186479
-0.448206
0.413501
-0.248326
-0.330873
-0.665671
0.248790
0.637663
-0.951569
-0.620147
0.774177
-0.542137
-0.630955
-0.803894
0.404848
0.565288
0.042046
0.225642
-0.198142
0.903171
0.917392
-0.862739
-0.549452
-0.449592
0.664337
0.215115
0.934273
0.427898
-0.388001
-0.687436
-0.101055
0.798478
-0.131411
-0.677092
-0.449398
0.507208
-0.450826
0.738421
0.174814
-0.227794
-0.645780
0.191820
0.419873
-0.253516
0.293161
-0.334847
-0.788390
-0.655108
0.778584
-0.009299
-0.790949
0.780831
0.116679
-0.323895
-0.664744
-0.231368
0.891219
-0.730471
-0.803470
-0.496782
-0.413426
0.103399
-0.717828
0.411805
0.332590
-0.216224
-0.006472
-0.916358
-0.282500
-0.743389
-0.113923
-0.065525
0.282003
-0.850136
0.602068
-0.431684
-0.316338
0.745630
-0.125788
-0.462294
-0.241421
0.108737
-0.685334
0.862874
0.784842
-0.350078
-0.368494
0.676061
-0.076970
-0.163960
-0.851939
0.461450
0.886947
-0.546992
-0.080048
0.350809
0.359218
0.959666
0.385796
0.929879
-0.864875
-0.809710
-0.124150
0.335211
-0.760207
-0.539076
0.931945
-0.023380
-0.773898
-0.168884
0.503105
-0.027703
0.939853
0.817772
-0.164830
0.729572
-0.528012
0.470699
0.401881
0.392366
-0.653772
0.582563
-0.105657
-0.794243
-0.947158
0.835186
0.528301
0.349014
0.781250
-0.027092
0.366270
0.868169
0.078302
-0.762371
0.227748
0.343024
-0.290330
0.169706
-0.685386
-0.070422
-0.999179
0.817719
0.901875
0.945551
0.639786
-0.258572
0.697320
-0.866155
-0.704498
0.119031
0.516258
-0.464482
-0.333097
-0.604963
-0.263639
-0.303395
-0.736247
-0.677480
-0.856024
0.996163
0.201328
0.467967
0.837480
-0.725996
0.713373
0.068589
0.618189
-0.576960
-0.761706
0.932803
0.352618
-0.760885
0.755399
0.261929
-0.821215
0.433759
1.024109
0.889029
0.593277
-0.727296
-0.035532
0.037475
-0.218424
0.603968
0.430380
0.490790
-0.641788
0.605185
0.679155
-0.634870
0.554557
-0.134072
0.830405
0.393201
0.140514
0.543776
-0.538210
-0.241297
0.966817
-0.299916
-0.308506
0.319422
-0.072795
-0.574289
-0.448244
0.118909
0.838890
-0.365061
0.066316
0.423034
-0.153527
0.957540
-0.653822
0.481084
0.434116
0.657143
-0.135236
0.697479
0.229562
-0.458586
-0.936908
-0.215299
0.407343
0.893496
-0.822098
-0.452144
0.437273
-0.360308
0.306559
0.404090
0.339776
0.988704
-0.278237
-0.709298
-0.531759
0.344983
0.442906
-0.668481
0.883318
-0.618579
0.587105
-0.374583
-0.762460
0.882147
-0.921935
0.670410
0.537462
-0.057171
0.367889
-0.232975
0.484243
0.430981
0.551726
-0.108414
0.324477
0.729628
0.439443
-0.238250
-0.630263
-0.253581
-0.819985
0.727601
-0.235145
-0.104947
0.993399
0.200540
-0.799179
0.386035
0.452300
-0.950263
0.748146
0.037678
-0.326616
0.985686
-0.080174
-0.248551
0.656096
-0.542712
0.694277
0.023985
0.224312
0.178521
-0.545035
-0.223962
-0.929893
0.779442
-0.494334
0.509549
-0.458807
-0.124980
-0.744415
-0.292934
-0.415918
-0.000380
0.596397
-0.427847
-0.816218
0.783214
0.958188
0.636082
0.832951
0.706334
-0.326239
-0.493665
0.692020
0.593586
0.257783
0.348116
-0.949126
-0.047939
-0.627899
0.275187
-0.869419
-0.172934
-0.948775
-0.799312
-0.393492
-0.443109
0.710238
0.147701
0.431878
0.965789
0.854733
-0.984040
-0.034591
0.451130
-0.411887
0.149191
0.234344
-0.453699
-0.214727
0.067295
-0.747364
0.459034
0.573630
0.944656
0.052621
-0.168587
0.292772
0.103495
0.783474
0.664873
-0.621319
0.914055
-0.508061
-0.570094
-0.885257
0.098447
-0.013202
0.824981
-0.753852
-0.581324
0.790770
-0.899119
-0.565364
-0.243821
0.552011
0.022749
0.905370
-0.213645
0.569051
-0.309357
0.853650
0.821687
-0.850322
0.427280
0.766342
0.202298
-0.741307
0.059114
-0.694207
-0.957833
-0.276013
-0.315526
0.956222
0.215925
0.114380
-0.926541
-0.683134
-0.896329
0.895946
-0.439480
-0.480146
0.686717
-0.338598
-0.045510
-0.557105
-0.786587
0.977239
-0.651735
-0.000232
0.546290
0.038909
-0.146582
0.367977
0.188586
-0.719302
0.134319
-0.609116
-0.464077
-0.810033
-0.306792
-0.421910
-0.084020
0.382204
-0.461130
-0.865048
-0.502507
-0.392140
-0.555028
-0.402790
-0.494771
0.008442
0.116610
-0.808591
0.669640
-0.928946
-0.365696
0.883053
-0.951707
-0.017430
-0.117179
0.594584
-0.978522
0.736239
-0.037437
0.210066
-0.986528
-0.906267
0.599777
-0.445258
-0.697313
-0.686879
0.143305
0.222841
0.706312
0.698681
0.367570
-0.810332
-0.708496
0.789462
-0.228932
-0.210892
-0.202965
0.887581
-0.019486
-0.533325
0.958634
0.614818
-0.650272
-0.993072
-0.402612
0.232553
0.601513
-0.381157
-0.034410
-0.438530
0.831555
0.008485
-0.318290
0.464147
0.602819
0.015696
0.790478
-0.269065
-0.791262
0.461239
-0.604586
0.506194
0.584841
-0.359981
0.288877
-0.648393
0.429126
-0.914091
-0.760813
-0.590360
-0.447415
-0.802178
-0.975541
-0.097684
-0.795248
-0.378176
-0.863973
0.814025
0.262300
0.136186
-0.584892
0.117422
-0.853588
0.076413
-0.465097
0.666856
1.021555
-0.723703
-0.639610
-0.840840
0.635188
-0.333050
0.641627
0.213900
0.307004
-0.069502
0.565506
-0.263870
0.016408
0.804694
0.145771
0.568995
-0.997482
0.170505
-0.520218
-0.767627
0.817948
-0.354402
-0.931546
0.087574
0.757408
-0.584803
-0.884122
0.815144
0.432838
-0.367094
0.474436
0.445500
-0.160359
0.743682
0.539240
-0.537703
-0.591011
0.180861
0.676196
0.715993
-0.888641
0.241703
-0.547877
0.127770
0.050164
0.600068
-0.283270
0.066215
-0.194607
0.216120
0.305974
-0.410715
0.805219
0.295256
0.600579
0.490334
0.664526
0.710076
0.307988
0.118235
-0.685647
-0.278403
-0.533584
0.126365
-0.544109
-0.994369
0.588662
-0.135120
0.186492
0.264858
-0.419127
0.297854
-0.489671
0.050042
-0.555438
0.570111
-0.337422
0.166497
-0.354601
0.418740
-0.686747
0.877241
0.955295
-0.933894
0.142267
0.571729
0.559912
-0.195393
0.264613
-0.148314
0.850035
0.545001
0.545867
-0.683592
-0.328633
-0.998242
-0.677961
-0.739970
-0.133362
0.508534
0.530487
0.465178
-0.174429
-0.929179
-0.490546
0.276141
0.603747
0.130624
-0.615296
-0.790666
-0.471815
-0.339103
-0.935637
-0.501906
-0.275348
0.193981
-0.957768
-0.722216
0.956515
0.269446
0.090205
0.803395
-0.185553
-0.363929
-0.880197
0.485815
-0.362171
-0.554388
0.757936
0.526053
0.969663
0.307238
-0.001794
-0.204239
0.325547
0.465732
1.025629
-0.075852
-0.414037
-0.633770
0.098250
0.081852
0.004445
0.138987
0.553787
0.719064
-0.698064
0.545756
0.955667
-0.757363
-0.184818
0.045872
-0.953967
0.629629
0.681943
-0.828497
0.128255
-0.658577
-0.374931
-0.106353
0.869577
-0.406859
-0.844649
-0.179306
0.353602
0.458451
-0.754057
0.330715
-0.641817
-0.198929
0.661497
0.419469
0.836756
-0.343701
-0.476340
0.330807
-0.667909
-0.199905
-0.123476
-0.712242
0.042733
0.691706
0.333629
0.094433
0.338907
0.037225
0.272115
-0.521646
0.386756
0.903631
0.340056
0.188000
-0.567000
0.425764
0.952894
0.742081
-0.101512
-0.814404
0.065467
0.224846
-0.072644
-0.292952
-0.409140
-0.296024
0.320041
0.089577
-0.965256
0.652132
0.889673
-0.088732
0.939890
-0.061928
-0.378891
0.295226
-0.951267
0.965669
-0.658583
0.314392
-0.601748
0.638988
0.137454
0.645647
-0.207307
0.554821
0.105502
-0.239778
0.335590
0.990523
-0.105364
-0.646125
0.150748
0.765294
0.017617
0.717364
-0.534640
-0.662342
-0.193059
-0.499895
0.989790
-0.297719
0.424747
0.951826
0.659017
-0.942509
0.251723
0.684350
0.948455
0.497976
-0.072637
-0.708995
0.132421
-0.932273
0.974376
0.934211
0.664726
0.092421
-0.340742
-0.062422
0.012833
0.488775
0.248139
-0.859677
0.246289
-0.734244
0.857687
0.711649
-0.396586
-0.329705
-0.774623
-0.383812
0.397693
0.680411
-0.430499
0.019618
0.640447
0.728342
-0.354527
0.574025
0.234784
0.570964
0.893296
-0.644815
0.670086
0.882616
-0.732120
0.273190
-0.105923
-0.143570
-0.831256
0.884638
-0.658704
0.416883
-0.975040
0.587585
0.682639
0.882650
0.312907
-0.687055
-0.423165
0.573057
-0.067927
0.923848
0.134665
0.411791
-0.086458
-0.217452
0.147826
0.555500
-0.632512
-0.617630
0.152116
-0.720146
-0.277144
-0.240639
-0.934252
-0.082457
0.988899
-0.058670
0.773954
-0.842357
-0.174032
-0.884750
0.574526
-0.149065
0.716261
0.279666
-0.241160
0.062498
0.593726
0.302138
-0.473939
-0.561572
0.204623
0.657349
0.851139
-0.896639
-0.561679
-0.015847
0.684847
-0.169650
0.338845
-0.247364
-0.004447
0.981139
0.469097
0.048480
-0.101318
0.457996
0.989811
-0.327364
0.615639
-0.184220
-0.204160
0.204446
0.692337
-0.473070
-0.493593
-0.567068
0.513915
1.004711
0.694679
-0.986050
-0.561582
-0.113793
0.674704
-0.715361
0.028973
-0.865023
0.217682
-0.402837
-0.161719
-0.510072
0.319055
0.828370
-0.528933
-0.211848
-0.123150
0.369750
-0.753852
-0.133337
-0.957614
0.874515
0.699494
-0.141409
0.105959
0.413357
0.346390
0.504511
0.754150
-0.177248
0.507802
0.444669
-0.146848
0.958575
-0.646702
-0.495586
-0.836541
0.260994
-0.455542
0.330988
0.845752
0.382735
0.820917
0.164807
0.211105
-0.708016
0.952959
-0.912042
0.661705
-0.806078
-0.030889
0.729660
-0.883982
-0.299877
-0.417562
0.145158
0.987219
0.866336
-0.353999
0.764535
-0.258666
-0.818524
0.200740
0.517328
-0.993527
0.466977
0.961485
-0.854677
-0.273007
-0.494062
0.476311
-0.427255
0.888673
0.297228
0.737552
0.099781
0.589186
0.686560
0.189131
0.261264
0.909155
-0.804348
0.008159
0.992822
-0.185476
0.530653
0.114794
-0.168159
0.423852
0.716234
-0.475940
-0.981647
0.772956
0.667156
0.502847
0.782275
0.134722
0.464326
0.927597
0.861715
0.970264
0.403908
-0.565540
0.858937
-0.298730
-0.828108
-0.042390
-0.713127
0.867154
-0.839298
0.584412
0.795726
-0.669989
-0.451877
0.756296
0.118671
1.021616
-0.204941
0.835549
0.329302
-0.560070
-0.665231
0.344702
-0.781042
-0.997486
-0.152454
-0.998767
0.137237
-0.688128
0.928830
-0.001048
-0.718564
0.332038
0.432712
-0.859633
-0.966861
0.606591
0.101079
-0.672652
0.474427
0.262632
0.872900
0.229310
0.542941
-0.630070
-0.075349
-0.396901
-0.652293
0.688753
-0.562945
0.678381
-0.869742
-0.227881
0.023083
-0.650784
-0.225367
0.870629
-0.649552
0.911870
-0.817499
-0.720722
-0.089178
-0.535364
0.612015
-0.655884
-0.394411
0.645733
0.949532
0.696573
0.970036
0.419143
-0.048096
0.835634
-0.362310
-0.513230
-0.802483
0.560430
0.090009
-0.454776
0.249183
0.527064
-0.776395
0.379441
-0.700817
0.246688
0.728657
0.073816
0.117317
-0.920895
-0.014315
0.299817
-0.641618
0.896493
0.764440
0.970383
-0.759341
-0.629904
0.616223
-0.809601
-0.924336
0.586404
0.608002
0.027400
0.422037
-0.754307
0.514171
0.619554
0.806123
-0.395820
-0.835222
0.055306
-0.868756
-0.611617
-0.565253
-0.569574
0.635071
-0.836597
0.504242
-0.247613
-0.757491
-0.510085
-0.947807
-0.399121
-0.613565
0.816659
-0.428709
-0.372824
-0.813176
-0.812420
-0.182426
-0.737512
0.773984
-0.574423
0.289888
0.196021
-0.328730
-0.195941
-0.184424
-0.522608
0.408238
-0.019647
0.532698
0.539482
0.368736
0.967445
0.969908
0.003807
-0.869151
0.474150
0.756195
-0.626643
0.964077
0.808399
-0.025751
-0.649488
0.625058
0.545540
-0.022313
0.811882
0.733120
0.795262
-0.925630
0.507104
-0.779161
0.364258
-0.296875
-0.107892
-0.831683
0.518701
0.369501
0.576555
-0.500946
-0.097801
0.116037
0.867791
-0.130356
0.085945
-0.128402
0.000493
-0.439906
-0.372207
0.373850
-0.475829
-0.563808
-0.651901
-0.125317
-0.938749
0.893639
0.852370
0.873133
0.626759
0.647632
0.947503
0.133863
0.868470
0.311761
0.836989
-0.239422
0.480078
0.355690
-0.869921
0.056633
0.854744
0.032278
-0.827331
0.722535
0.901922
0.258614
-0.406121
-0.097838
0.818454
0.221926
-0.723734
-0.657121
0.658118
-0.375635
0.217562
0.719369
-0.481996
0.069932
0.592502
-0.855237
-0.282437
0.540005
0.278626
-0.413967
-0.148234
0.115615
0.346612
-0.668156
-0.529758
0.471971
0.387414
-0.675014
-0.492862
0.559061
-0.953510
-0.592182
-0.203309
-0.381254
0.290142
-0.387626
0.831450
0.564352
-0.024775
0.522761
-0.786063
-0.801091
0.242130
-0.268059
0.268841
-0.165368
-0.123296
0.986404
-0.625363
-0.844670
-0.427562
0.226366
0.266189
0.908332
0.552091
0.741315
0.482690
0.071781
-0.805704
0.998536
-0.387538
-0.808758
-0.615974
0.316797
-0.267532
0.592855
0.937917
-0.375760
0.218478
-0.052556
-0.853000
0.432415
0.146353
0.389131
-0.835644
-0.584807
-0.776237
0.041060
-0.602148
-0.405462
0.183387
-0.045263
0.864466
-0.381512
0.028913
0.451264
-0.771045
-0.687666
-0.622831
-0.642364
-0.654448
-0.037731
-0.579151
-0.463153
-0.817529
0.159567
-0.860857
-0.868631
0.778600
0.356518
0.078813
0.925601
-0.211067
-0.774835
0.314731
-0.046711
-0.363387
0.533822
0.975253
0.075254
-0.773791
0.273503
-0.950947
0.945739
0.560815
-0.134571
0.316961
0.892536
0.245608
0.718631
-0.745272
0.424555
-0.462404
-0.449150
0.901544
-0.322690
0.694667
-0.961393
-0.191193
0.473268
0.395124
0.887620
0.398868
-0.815943
-0.890960
-0.290390
0.097146
-0.262105
-0.721998
0.182991
0.745637
-0.786177
-0.841862
0.673793
-0.765664
0.891830
-0.262882
0.753708
0.908971
0.934196
0.356292
1.009632
0.309389
0.881992
-0.465978
0.210070
-0.440443
-0.771311
0.248677
0.368363
0.701957
-0.356199
0.254725
0.083830
-0.209366
0.369767
0.802454
0.936998
-1.018013
-1.062168
0.003545
0.854949
-0.605696
0.367855
0.711590
-0.164928
0.418062
-0.497000
-0.489811
0.263550
-0.642867
0.872229
0.241736
0.675840
0.753695
0.775758
-0.114090
-0.686748
-0.995553
-0.865413
0.680357
0.676756
-0.257602
-0.025340
-0.176421
0.583510
-0.755674
-0.428707
0.566916
-0.595331
-0.373297
-0.403641
-0.633230
0.166000
-0.881806
-0.856263
0.935022
0.476196
-0.487666
-0.547857
-0.264444
-0.111999
-0.676933
0.977292
-0.436159
-0.923237
0.753049
0.449751
-0.610565
0.717931
0.547018
-0.927860
0.474639
-0.629589
0.078589
-0.691226
1.007445
0.324358
-0.133099
0.493083
0.789235
0.607429
-0.770550
-0.884956
-0.281218
-0.716103
-0.836840
-0.325624
0.783999
-0.315782
0.125994
-0.480445
0.572218
0.449061
-0.503154
-0.864629
0.527949
-0.788798
0.528495
0.901809
-0.976824
0.228179
1.101557
0.599962
0.531935
-0.071378
0.647779
0.455155
-0.663044
-0.383265
0.048836
-0.960210
-0.819180
0.222023
-0.860990
-0.059211
0.547509
-0.692115
0.615301
0.331508
-0.007898
-0.258705
0.851063
-0.436740
-0.809344
-0.676877
-0.340452
0.674102
-0.427453
-0.627277
0.771360
-0.301098
0.544178
0.683207
-0.863185
0.016005
-0.376532
0.785556
-0.663585
-0.169136
-0.604054
0.476777
-0.021067
-0.329724
-0.215624
0.129976
0.611083
-0.668114
0.437861
0.226384
0.663394
-0.571097
0.963095
0.488701
-0.051537
-0.924195
0.826404
0.737674
0.959297
-0.443239
1.088520
0.581227
0.190680
0.505689
0.202109
0.120855
-0.732953
0.573803
-0.137564
-0.127057
-0.333506
0.414890
-0.549206
0.655035
-0.914817
0.235170
-0.214989
0.696266
0.567056
-0.778182
-0.102255
0.213514
-0.367618
-0.128385
-0.252377
0.677198
0.126847
-0.283839
0.490270
0.090439
0.276095
0.504797
-0.439346
-0.797694
-0.354049
0.400512
0.179103
0.126773
0.293198
-0.764690
-0.896303
0.966829
0.650354
-0.445509
0.621864
0.735537
0.789661
-0.594186
0.409350
0.357425
-0.359632
-0.610276
-0.367091
0.285125
0.314230
0.409260
-0.019232
-0.637372
1.093096
-0.507785
0.401028
0.101040
0.583689
0.524776
0.037455
-0.714189
0.193389
-0.585074
0.540179
-0.504498
-0.350252
0.643875
-0.537669
-0.699898
-0.801634
-0.916866
-0.955570
0.997901
-0.422831
0.516340
0.347664
0.115104
0.810464
0.879968
-0.622997
0.027228
0.267700
0.402023
0.500187
0.345333
0.613941
-0.450410
-0.872696
0.158299
-0.785601
0.350389
0.552640
0.419134
0.764038
0.092818
0.914637
-0.586214
-0.263306
-0.623032
-0.269651
-0.036548
-0.439981
-0.189130
-0.116625
-0.056720
-0.773583
-0.785991
-0.921770
-0.971742
-0.810153
-0.492253
0.159905
0.584607
0.826299
-0.471437
-0.348625
0.380665
0.041162
-0.122150
-0.387195
0.260982
-0.773057
-0.834555
-0.319884
0.990980
0.258263
-0.402784
-0.587951
1.015701
0.078187
0.194956
-0.096005
0.423281
0.765756
0.769071
-0.632505
-0.945033
-0.877540
-0.495101
-0.819203
-0.593784
-0.024380
0.309079
0.766659
-0.266341
0.695557
-0.547876
-0.841753
-0.264158
0.328669
-0.228948
0.996823
0.555612
-0.063503
-0.331011
0.540290
-0.781709
0.339556
1.026519
-0.837048
-0.768073
-0.056551
-0.042323
0.608517
-0.153777
-0.041820
-0.902817
0.070935
0.119718
-0.492475
0.210304
0.383434
0.436116
-0.622417
0.199504
-0.801700
-0.928137
0.650323
-0.643453
-0.192295
-0.021008
0.127599
-0.208759
-0.478538
-0.914987
0.518777
-0.836600
-0.782913
-0.355443
-1.081947
-0.710890
-0.139047
0.013118
0.517682
-0.297704
-0.895505
-0.443514
-0.326628
0.112040
0.598723
0.257828
-0.787874
0.050008
-0.292001
-0.411595
-0.751793
-0.093701
-0.339732
0.898530
0.263166
0.468293
-0.135716
-0.607177
-0.696720
0.462923
-0.530499
0.709727
0.353167
-0.431858
-0.641148
0.448739
0.172582
0.549840
-0.345539
-0.283203
-0.794017
-0.324404
0.240304
-0.086722
0.733193
-0.093800
-0.835340
0.944794
0.955683
-0.127341
-0.466801
-0.796110
0.779278
0.193787
-0.897259
0.040259
-0.296913
0.001168
0.574210
-0.052088
-0.671256
0.787680
-0.386410
0.832306
-0.375878
0.274856
0.473026
0.778490
-0.254238
-0.988789
-0.510196
-0.124985
-0.291191
0.763721
0.786110
-0.557744
-0.329825
0.950770
-0.612950
-0.374143
-0.176572
-0.079430
-0.166327
-0.386342
-0.853612
-0.013518
0.687392
-0.132905
0.949467
0.089022
0.721553
-0.640655
0.061405
-0.514550
-0.710242
0.604973
0.571405
0.598342
0.325499
-0.709297
0.640574
0.818000
0.166040
-0.650490
0.581847
-0.047851
-0.208234
-0.747978
-0.097081
0.176050
-0.124887
0.724151
-0.891565
0.740961
-0.630897
-0.768302
-0.374495
0.959168
-0.075484
-0.497369
0.042916
-0.321615
-0.115410
-0.985978
0.090339
0.045661
0.576000
-0.313940
-0.353489
-0.098432
-0.023183
-0.712915
-0.280432
-0.857144
-0.363405
-0.698585
0.095005
0.428361
-0.446563
0.997924
-0.390514
0.429147
0.714003
-0.322406
0.099290
-0.994644
-0.133657
0.761429
-0.981381
0.902570
-0.673075
0.075287
-0.396006
0.186727
0.087873
0.698024
-0.767612
-0.336127
-0.615916
-0.121101
0.565441
0.360901
0.165984
-0.714991
0.503757
0.802579
-0.413575
-0.401274
0.230904
0.137984
-0.409449
0.820544
-0.451668
-0.703172
-0.469012
0.701870
-0.626038
0.463387
0.488859
-0.600111
0.370350
0.819501
0.475175
0.974344
0.006228
-0.436951
0.672367
0.238616
0.226922
-0.943549
-0.882486
-0.207637
0.417352
0.283498
0.077373
-0.078891
0.086077
0.663797
0.519779
-0.683075
-0.196433
-0.883443
-0.844865
0.374837
-0.562485
-0.300504
0.084959
-0.188523
-0.837117
-0.426183
0.211366
0.533234
-0.606682
-0.313459
0.507578
0.399546
0.249590
0.179945
-0.361838
-0.523488
0.236396
-0.244324
0.268875
-0.346252
-0.960826
-0.653752
0.574857
0.125251
-0.989955
0.094728
0.442268
-0.186296
0.211285
0.597403
-0.811459
0.648800
-0.703101
0.273500
-0.539723
-0.540218
0.847317
0.671643
0.993016
-0.759365
-0.641816
0.500593
0.640181
0.607774
-0.319462
-0.721657
-0.915714
0.916935
0.034019
0.353162
-0.429317
0.073193
0.699409
-0.854460
-0.801556
0.709454
0.240267
0.640713
-0.476842
-0.548448
0.238115
-0.288300
-0.899648
0.535014
0.985200
-0.439371
0.994796
0.832517
-0.767727
0.987811
-0.926848
-0.409543
0.488405
0.713333
-0.801769
-0.831057
0.991676
-0.717482
-0.914122
0.025695
0.635679
-0.343440
-0.901133
0.335068
-0.197921
-0.702668
0.044543
-0.957632
0.938045
0.567701
-0.506080
0.176160
-0.720599
-0.405728
-0.288826
-0.735400
0.154902
-0.294030
-0.902883
0.387174
-0.306219
-0.829731
0.977631
-0.817814
0.882032
-0.825819
-0.650442
0.873708
-0.543678
-0.565074
-0.101217
-0.910314
0.092699
-0.016248
0.410267
0.877896
0.301772
-0.511340
0.945862
0.235238
-0.958607
-0.568046
-0.588603
-0.679206
0.026226
0.122571
-0.414606
-0.818872
0.828541
-0.317489
0.568483
-0.477497
-0.148720
0.547804
-0.293722
-0.266502
0.719756
0.069405
-0.404035
-0.842934
0.436905
0.479885
-0.777703
-0.431060
-0.505925
0.701361
-0.519147
0.809869
-0.822924
-0.580090
0.044926
-0.781531
-0.148136
0.456323
-0.460738
0.878090
-0.421106
0.124837
-0.932614
-0.584401
0.812372
0.641776
-0.034250
-0.284659
0.241951
0.704060
0.460414
-0.104098
-0.354534
-1.015221
0.044910
-0.815161
0.529991
0.361320
-0.237791
-0.958373
0.053333
0.250627
0.842809
0.230124
0.670537
-0.112265
0.448592
-0.477599
-0.655942
0.988035
-0.591341
-0.070665
0.127074
-0.500579
0.373217
-0.013638
-0.827050
-0.668107
0.616560
0.233911
0.860845
-0.033334
-0.850423
-0.400415
-0.012546
0.252913
-0.225491
-0.489781
-0.420469
0.533821
-0.462305
0.634074
-0.213771
-0.619496
-0.135802
-0.543235
0.268239
-0.687029
-0.012666
0.622623
-0.673335
0.439935
-0.419814
0.485741
0.937487
0.946863
-0.724006
0.867024
-0.894970
0.911820
0.203661
-0.953339
-0.087086
0.367185
-0.379714
0.887321
-0.427148
0.369563
-0.623066
0.155610
-0.093054
-0.085371
-0.210316
0.693174
0.295134
0.654063
-0.842678
-0.426485
1.002397
0.201174
-0.768834
-0.632630
-0.399771
-0.272993
0.587575
-0.763479
-0.475256
-0.995074
-0.702307
-0.218216
0.964898
0.480049
-0.254339
-0.179068
-0.196364
0.325233
-0.313465
0.379814
-0.301642
0.063469
-0.464576
0.605304
0.978098
0.325289
0.311255
0.295329
0.024973
0.501820
0.886781
0.060447
-0.367185
-1.026794
0.087441
-0.011848
-0.360448
-0.147391
0.429913
0.357511
-0.016137
0.714256
-0.980258
-0.149667
0.168827
-0.277178
0.646693
0.976389
-0.948383
-0.666771
0.356203
-0.250025
0.396698
0.891808
-0.641218
0.389255
0.266581
0.684359
-0.283297
-0.708556
0.125618
-0.596703
0.052266
0.570433
-0.584136
-0.702336
-0.215807
0.278391
0.324274
-0.762228
-0.452644
-0.833914
0.905789
-0.479844
-0.012903
0.080709
0.246540
-0.366209
0.057098
0.298157
-0.032981
-0.586476
-0.946018
-0.622018
-0.649806
-0.562547
0.785284
0.550788
-0.915680
-0.613582
0.706724
0.090090
-0.156067
-0.166272
-0.163874
0.423412
0.266296
0.647736
-0.391068
-0.537744
0.804395
0.108042
-0.384453
0.714987
0.629978
0.602644
-0.204304
-0.123482
-0.763565
0.853006
-0.820670
0.209324
-0.719998
-0.731385
0.584115
-0.409990
-0.350137
0.330293
-0.854516
-0.302156
0.710750
0.788311
0.825894
-0.404364
-0.272711
-0.275019
0.951837
0.873310
-0.713938
-0.480326
-0.657035
-0.907762
0.627716
-0.041488
0.807225
0.257694
-0.438844
-0.396867
-0.865718
-0.205133
-0.546159
-0.676311
-0.994571
-0.297184
-0.425154
0.615921
0.361698
0.186525
-0.124713
0.346955
0.811172
-0.407564
0.275469
0.730412
0.139142
0.857112
-0.638503
0.061014
0.746433
-0.347390
0.580687
-0.910602
-0.255151
0.208403
0.047909
-0.452479
-0.536874
0.573718
0.107715
-0.417407
-0.606896
0.639237
-0.025937
-0.519696
-0.587528
0.474318
0.967868
0.596687
-0.395112
-0.103119
0.082766
-0.498785
0.460401
-0.795291
-0.881945
-0.456306
-0.929115
-0.510046
0.606485
0.817317
0.142564
0.187172
0.906715
0.887625
-0.608282
-0.104694
-0.624960
-0.154911
-0.418469
0.652610
0.548914
0.030640
0.241553
-0.642594
0.362732
0.528600
0.858451
0.419226
0.232847
-0.537592
-0.742151
-0.821909
-0.150410
0.617948
-0.619639
-0.024860
-0.834804
-0.548754
0.465093
0.771681
-0.731437
-0.392130
-0.079535
-0.893339
-0.580320
0.285447
0.126067
-0.014826
-0.763894
0.670216
-0.533019
0.590191
-0.333536
0.739512
-0.933429
-0.914087
0.284014
0.877893
0.415711
-0.557215
-0.729189
0.597950
-0.391106
0.123207
0.219457
-0.010745
-0.901653
0.384653
0.440501
0.563621
0.112576
0.649387
-0.891865
-0.986137
0.788392
-0.392463
0.408378
-0.091545
0.502187
0.577758
-0.337954
-0.855753
0.343828
0.363325
0.864562
0.410447
0.421513
0.140933
0.272946
-0.192069
0.570895
0.546606
-0.590557
-0.820211
-0.330187
0.628900
0.169044
-0.233326
-0.025683
-0.420824
-0.690517
-0.872837
-0.751456
-0.584984
-0.804807
-0.900899
0.034642
0.597727
0.099742
-0.282528
0.428620
0.941701
-0.121164
-0.207851
0.285588
-0.226456
-0.784169
-0.291210
0.899250
0.491658
0.520282
0.470146
0.038264
0.929726
0.649935
0.695394
0.547292
-0.160635
-0.461755
-0.399473
0.405749
-0.201505
-0.264712
0.685616
0.187240
-0.103766
0.855083
-0.553813
-0.207109
0.211658
0.271169
-0.754559
0.108253
-0.825740
0.024844
-0.612659
-0.088327
0.243710
0.099692
-0.189077
-0.264632
-0.380025
-0.718931
0.781946
-0.436574
0.972602
0.553262
-0.805714
-0.189906
1.026648
-0.266833
-0.797457
-0.285896
0.356712
0.843024
-0.916886
-0.515415
0.940042
-0.394685
0.281231
0.075307
0.827566
0.452176
-0.866467
0.953030
-0.519780
-0.475564
-0.135297
0.723930
0.624129
0.675637
-0.540512
-0.747664
0.989404
-0.712490
-0.121609
0.941053
0.787464
-0.055461
-0.333561
0.659522
0.525069
-0.184883
-0.552138
0.014031
-0.263350
-0.451480
0.464638
-0.360143
0.075330
-0.315149
0.658769
-0.124931
-0.859773
0.795865
-0.171901
-0.379553
-0.679699
0.692813
-0.655432
0.944520
0.378476
-0.164991
-0.734387
0.403613
0.093951
0.008059
0.248373
-0.249099
0.914772
0.882620
-0.560017
0.423566
-0.353515
-0.136262
-0.538100
0.407407
0.375231
0.925617
-0.975719
-0.552780
-0.386331
0.686613
0.322288
-0.246104
0.482478
-0.849612
0.374353
0.801789
0.839918
0.730879
0.785143
0.277951
-0.396508
1.029402
-0.359587
0.634348
-0.009017
0.809674
-0.685839
-0.254650
0.561834
-0.286713
-0.731812
-0.735665
0.596413
-0.258049
0.675264
-0.026923
-0.330831
0.701327
0.420297
0.282838
0.387939
-0.257415
-0.962881
-0.129198
-0.104707
0.413748
-0.322429
-0.239059
0.161195
-0.508799
1.028537
0.736862
-0.574690
-0.483128
0.208255
0.252600
-0.765594
0.516886
-0.923232
0.834145
-0.744516
-0.653585
-0.899105
0.851717
0.088366
0.776159
-0.175207
0.757535
0.477486
-0.754910
0.040372
-0.134575
-0.012325
0.076042
0.745261
0.901776
-0.480348
-0.550546
-0.352835
0.631969
-0.176704
-0.425923
0.279527
0.187245
0.049112
-0.518634
-0.540190
0.283194
-0.997205
-0.463422
0.117339
-0.741721
-0.117007
0.218234
-0.890005
0.971359
-0.005607
-0.065211
0.728894
-0.528122
0.178795
-0.231818
0.336208
-0.839324
0.840365
0.066689
-0.959766
-0.673381
0.475572
-0.334989
0.952538
-0.688376
0.229602
0.222713
0.497211
-0.721286
0.704079
0.957021
0.561908
0.706874
-0.506401
-0.320754
0.965153
0.376592
0.897480
-0.924852
0.347951
-0.108128
0.009937
0.076845
0.363751
-0.815910
0.840385
-0.304672
-0.642631
0.692483
0.774198
-0.594429
-0.972962
0.256381
0.070582
0.979576
0.568005
-0.699816
0.202288
0.065216
-0.421103
-0.093633
0.022237
-0.859195
-0.386759
0.515837
-0.179949
-0.421606
-0.107571
-0.282469
-0.346458
-0.759620
0.609404
0.663478
0.317225
-0.026846
0.853294
0.163336
0.674208
-0.789337
-0.144182
0.448406
-0.383766
-0.117144
-0.295213
0.686816
-0.137568
-0.727208
0.987000
-0.935280
0.338009
-0.434102
-0.028912
-0.639754
-0.293297
0.584329
0.876083
0.526754
-0.837277
-0.231488
-0.755715
-0.183736
0.008892
0.853689
-0.520258
-0.673883
-0.173157
-0.666964
0.489453
-0.498949
-0.456300
-0.654729
0.949457
0.159934
0.228127
-0.345756
-0.153250
-0.909441
-0.072964
-0.166250
-0.844720
-0.734955
0.399647
0.126368
-0.374709
-0.893650
-0.289303
-0.498626
0.633104
-0.126581
0.269886
0.877389
0.689683
-0.719024
0.733276
-0.828376
-0.395104
-0.442079
-0.497538
-0.905652
0.058972
0.046162
-0.560381
0.008429
-0.793905
0.667746
0.662672
0.052845
0.758305
-0.410291
0.886595
0.913585
-0.145246
0.286243
0.039953
0.480057
0.392618
0.750662
0.981431
0.026162
-0.373268
0.253957
-0.098415
-0.687813
0.514243
-0.385002
-0.534146
-0.877174
0.193679
-0.014094
-0.770673
-0.748944
-0.968199
-0.331054
0.259485
-0.762103
-0.663308
-0.077843
0.290742
-0.905002
0.511866
0.177347
-0.991407
-0.633345
-0.533121
0.076955
0.887345
0.912397
-0.131211
0.885150
-0.103509
0.411446
0.037017
0.707206
0.662423
-0.451749
-0.594227
-0.798385
-0.255542
0.611203
0.205822
-0.026225
0.862259
0.237623
0.642721
0.121744
0.475520
0.979413
-0.956088
-0.233415
-0.925254
0.556128
0.964201
-0.878553
1.022581
-0.442828
0.200631
0.813273
-0.734265
0.898144
0.564122
0.133588
0.318248
-0.390239
-0.087711
0.076259
0.283985
0.349253
0.311155
-0.969561
-0.039506
-0.483023
0.004214
-0.177247
0.754600
-0.353065
0.944507
0.230443
-0.373314
0.992117
1.023514
-0.199397
0.675121
1.012983
-0.190879
0.434240
-0.747872
0.789621
0.209911
-0.359497
0.888564
-0.160618
0.779017
0.215478
0.515319
-0.314135
-0.709064
-0.204749
-0.964807
0.602088
-0.174310
-0.004313
-0.880935
0.829905
0.818450
0.873987
-0.522806
0.798926
0.184594
0.228441
0.857039
0.151721
0.778449
0.169171
-0.093724
-0.512109
-0.277824
0.428305
-0.381122
1.066613
1.033055
-0.608705
-0.127383
0.766083
0.548935
-0.660342
-0.560559
0.839866
0.134909
-0.525367
0.441954
0.960599
0.470330
0.572096
0.815681
0.330462
0.538210
-0.604338
0.121346
-0.395048
0.305423
-0.313528
0.536236
0.139226
-0.888814
-0.237667
0.881896
-0.031006
-0.882606
-0.669712
-0.088858
-0.898470
-0.375147
0.688644
0.817430
-0.836944
-0.971698
-0.743129
-0.997078
0.163211
-0.268486
0.455956
0.157751
-0.730269
0.098981
0.046949
0.539244
-0.538811
0.109205
-0.591198
-0.119252
-0.476869
0.334824
-0.336318
0.840882
0.589830
0.356902
0.570539
-0.637822
0.394367
0.764719
0.162676
0.426419
-0.631889
-0.148680
0.243850
-0.468834
-0.120378
0.500731
-0.454665
-0.924115
-0.707589
1.030684
0.241245
-0.529080
-0.057420
-1.015763
0.823347
0.344847
0.209017
-0.511657
-0.546361
0.929554
0.933245
0.092571
0.611226
0.313761
-0.663902
0.030304
0.560497
0.681131
-0.215710
-0.276827
0.107550
0.152401
0.574493
-0.648588
0.694312
-0.516194
0.894741
-0.751074
-0.484285
-0.966261
-0.890001
0.602322
-0.527925
0.122901
0.679610
-0.545927
-0.366476
0.084050
-0.018377
0.060900
-0.124513
-0.236711
-0.965125
-0.636545
0.978231
-0.647857
0.393729
0.538728
-0.966727
-0.821981
-0.738099
0.140837
0.341193
0.838708
0.514472
0.005915
-0.779592
0.227600
0.149282
-0.283618
0.440394
0.402207
-0.597514
0.897897
-0.446297
-0.810393
-0.605935
0.241811
0.249159
0.327223
-0.771917
-0.975254
-0.977785
-0.738418
-0.611855
-0.999554
-0.386276
0.781875
0.539175
-0.352989
0.963033
0.803882
0.777026
0.211078
0.518247
0.121648
-0.746313
0.928589
-0.341123
0.561485
-0.310363
-0.969359
-0.113458
0.080009
-1.014269
0.611360
0.378072
-0.602335
-0.216987
-0.435137
0.690323
0.018645
-0.410447
0.712538
0.280226
-0.022302
0.712984
0.886331
-0.248015
0.238060
-0.502908
-0.395890
-0.134771
-0.780455
-1.022866
-0.251403
0.691276
-0.597473
-0.362829
-0.764480
0.779907
0.278756
-0.759132
-0.139365
-0.496164
-0.708669
-0.608666
0.862713
-0.323287
0.178799
-0.572483
-0.632965
-0.802557
0.017070
-0.920427
0.477683
0.994811
0.737860
0.303336
-0.382451
-0.097861
0.847748
0.509038
-0.833850
-0.642165
0.568331
-0.194749
0.842021
0.744336
0.366524
-0.924381
0.675699
-0.241504
-0.625045
-0.527279
0.252822
-0.343923
-0.149857
0.104746
0.332789
-0.971058
0.532263
0.699824
-0.773601
-0.485322
0.730779
0.609438
-0.556269
0.492884
0.040571
0.325723
-0.392218
-0.047778
-0.263342
-0.366134
0.213875
-0.800503
0.453335
0.046463
-0.965388
-0.114103
0.175040
0.711990
0.662833
0.532728
-0.836834
-0.105862
-0.811195
0.013309
0.998884
0.521594
0.042261
0.514333
0.157965
0.213234
-0.965880
-0.050455
-0.077603
-0.381995
-0.491809
-1.052182
0.822797
0.061297
-0.033669
-0.395991
0.800605
-0.797893
-0.092699
0.370333
0.348936
0.015394
-0.671320
-0.490977
-0.294158
0.970023
-0.958249
-0.130992
-0.135839
-0.769444
0.871869
-0.155576
0.705997
-0.093897
-0.626152
-0.035796
-0.813517
-0.545421
0.889446
0.072135
-0.034064
-0.602995
0.132419
-0.060008
0.652943
-0.817027
0.660593
0.599932
-0.472000
-0.320566
0.058718
0.863002
0.673290
0.365937
-0.627975
-0.620868
0.335960
-0.586224
0.253591
-0.800789
-0.356259
0.165077
0.118649
-0.541620
-0.873646
0.497063
0.359911
-0.799839
0.835827
0.226131
0.302390
-0.046309
0.877181
-0.372624
-0.929702
0.616949
-0.104112
0.781859
0.279563
0.396329
-0.560216
-0.683180
0.259331
-0.886926
0.682757
0.631356
-0.493133
0.049764
-0.904486
0.809363
0.335875
-0.132813
-0.005994
-0.603302
0.169315
-0.085860
0.711476
-0.612664
0.054556
0.623668
0.805917
-0.343373
-0.257893
0.723502
0.222293
-0.233015
0.330928
-0.904185
-0.472637
-0.410969
0.492144
-0.032853
-0.094149
-0.248526
0.080474
-0.390134
-0.578632
0.639370
0.747361
-0.391776
0.432643
-0.092427
0.185936
-0.782954
0.092933
-0.865812
0.031611
-0.181338
-0.310707
-0.644219
-0.443931
-0.531845
-0.123413
0.221615
-0.848179
-0.911830
0.977848
0.472017
-0.816015
-0.494789
-0.938953
0.676128
0.472612
-0.026496
-0.550307
-0.361275
0.643556
-0.048096
-0.745377
0.234237
0.325150
0.477004
1.019375
-0.694039
0.574123
0.055390
-0.402359
-0.250815
0.957531
0.232397
0.014194
-0.536376
0.678372
0.885792
0.685215
0.830188
0.973962
0.663063
0.302205
-0.842053
-0.831483
0.369536
0.839783
0.672113
-0.607679
-0.639515
-0.638863
1.033887
0.213526
-0.573113
0.131737
-0.672574
0.750604
0.027962
-0.324941
0.416278
-0.851280
0.231129
-0.891926
-0.920671
-0.555902
0.122242
-0.457059
-0.877533
0.008034
-0.771845
0.952656
-0.018004
0.891225
0.254867
0.135660
-0.944839
-0.388794
-0.049155
0.680473
-0.041697
0.266711
0.954586
-0.110391
-0.665491
-0.800230
0.854044
-0.383985
0.967499
-0.080112
0.284645
0.344858
0.054528
-0.489826
0.452922
0.133857
-0.045728
-0.424836
0.676797
0.076739
0.583197
0.904953
0.029395
-0.434806
0.800222
-0.714793
0.703405
0.853544
-0.093888
-0.325096
0.550468
0.852640
0.921608
0.456732
-0.314365
-0.777339
0.660662
-0.433042
-0.159025
0.628192
0.486846
-0.874379
-0.026949
-0.458626
-0.364205
-0.574027
0.675231
0.590067
0.001136
0.352028
-0.333194
-0.409812
0.262835
0.702095
0.155342
0.058811
0.980251
-0.145266
-0.090122
-0.116138
0.533821
-0.535402
-0.266546
0.448673
0.913715
0.418004
0.671334
0.574377
0.984963
-0.487691
0.202569
0.471809
-0.362070
-0.824381
-0.986817
0.273724
-0.398408
0.688414
-0.136209
0.602728
0.040442
0.530597
-0.813035
-0.702675
0.226701
0.336589
0.350573
0.207253
-0.808747
-0.740614
-0.909924
0.725074
-0.276016
-0.176470
0.173747
-0.362301
-0.758466
-0.154919
-0.787925
-0.773503
0.357390
0.414644
0.698305
0.995320
0.590263
0.711488
0.269044
-0.808145
0.399901
-0.867165
0.794583
-0.559657
0.663432
0.981645
-0.262235
-0.109770
0.318234
-0.911661
-0.902517
0.509487
-0.652275
-0.812441
0.234561
0.071709
0.011089
-0.591692
0.709407
0.252623
0.253389
0.921483
0.479119
-0.389221
0.336127
0.177424
-0.393901
-0.073610
-0.111088
0.875143
0.118245
-0.711186
-0.992021
-0.087171
-0.270843
0.671411
-0.105526
0.466922
-0.438359
-0.787293
0.555261
-0.340876
0.722194
0.902985
-0.153317
-0.043246
-0.025306
0.857771
0.365062
-0.315899
0.110394
-0.381549
-0.394416
-0.410487
0.229230
0.941711
0.766937
0.835329
-0.131899
-0.344150
0.710472
0.986346
-0.065801
0.707987
-0.111289
0.673820
0.389862
0.793649
0.140742
0.951503
-0.993644
-0.303997
-0.389374
0.728550
-0.401011
0.457309
-0.314695
0.573683
0.315080
-0.949633
-0.742216
-0.574526
-0.331182
-0.136632
0.014992
0.898053
-0.194916
-0.218071
0.731868
0.661207
0.425788
0.424762
0.655029
-0.604906
0.174555
-0.423750
-0.917262
-0.427046
-0.640942
0.197000
-0.496335
-0.641293
0.893003
0.114291
-0.912743
-0.508009
-0.428400
-0.227438
-0.934326
0.886681
-0.177254
-0.676724
-0.688023
0.495929
0.186772
0.329400
0.368188
0.973957
-0.904987
0.105477
0.626262
0.575067
-0.383013
0.352243
0.962308
0.760943
0.903078
0.985351
-0.718517
-0.764335
0.182533
-0.214852
-0.405628
0.075536
0.899439
-0.318371
0.567527
-0.529143
0.454012
0.633023
-0.644407
-0.722730
0.956830
-0.339912
0.739920
0.103741
0.960297
0.102830
0.046878
-0.935868
-0.733838
-0.199127
0.682071
-0.132627
-0.878612
0.582020
-0.422011
-0.991596
0.567729
-0.140346
-0.755931
-0.249738
0.644802
-0.161559
0.825798
0.544059
0.519892
0.393146
-0.988120
-0.037411
-0.023415
-0.657595
0.212607
-0.064227
-0.016485
-0.103722
-1.028993
-0.102303
-0.895162
0.230044
0.122612
-0.568858
-0.949822
-0.204544
0.309405
-0.812371
-0.618913
0.887758
-0.803968
0.948817
-0.252587
-0.559899
-0.300921
-0.607968
0.278364
-0.485933
0.933752
-0.245510
0.898663
0.966070
0.765655
-0.073475
-0.755483
-0.102585
0.803459
0.261844
-1.027773
-0.967540
-0.611559
-0.800524
0.281605
0.530209
-0.315864
0.379183
-0.647639
0.993732
0.566811
-0.266552
0.881490
0.762844
-0.317735
-0.371279
-0.804307
0.370595
0.014780
0.441147
0.936811
-0.043627
-0.706264
0.787066
-0.144673
-1.041485
-0.330424
0.151119
0.023067
-0.308136
-0.415773
0.057106
-0.292036
-0.030218
0.333577
-0.928152
-0.437378
-0.970712
0.447469
-0.085017
-0.976981
0.014280
0.648431
0.904328
-0.230128
-0.685214
-0.503026
-0.067220
0.706580
0.566134
-0.518235
0.595631
-0.527547
-0.357119
0.352947
0.350591
-0.246717
-0.828922
-0.361658
0.810519
-0.164920
0.210280
-0.018106
0.664096
-0.733744
-0.661257
0.728821
-0.171122
-0.631969
0.176289
0.743861
-0.609132
-0.819829
0.351012
-0.761518
-0.087764
0.700457
-0.143608
1.001789
0.415901
-0.660808
-0.651533
-0.033177
-0.133109
0.151214
-0.510162
-0.698541
0.858132
-0.368327
-0.066936
0.803079
0.616696
-0.770429
-0.188924
0.277230
-0.504172
0.149819
0.006051
0.324706
0.507032
-0.831995
0.021706
0.851116
-0.720404
-0.574987
-0.791379
0.398980
-0.744314
0.099227
0.291059
0.602412
0.447387
0.753977
-0.289775
-0.716025
-0.233996
0.066355
-0.416636
-0.245901
0.863072
0.602020
-0.388255
0.492640
0.831591
0.422821
-0.230130
-0.672581
-0.439083
0.746431
0.605064
-0.977797
0.851904
-0.336969
1.002027
-0.588734
0.328197
-0.619358
0.749600
0.415223
0.324305
0.054754
-0.020849
-0.368698
-0.422151
0.579289
-0.083393
0.466595
-0.188290
0.596314
-0.699246
-0.299474
0.198334
-0.087501
-0.806835
0.029925
-0.676403
-0.067143
0.314700
-0.193427
-0.379492
-0.064299
-0.029666
-0.173069
0.889247
0.149204
0.120404
-0.040479
0.265312
-0.244336
-0.727999
-0.567704
0.604296
0.192137
0.043044
-0.719656
-0.095045
-0.940037
0.824609
0.742409
0.656277
-0.874637
-0.557065
-0.145389
0.025972
-0.403947
0.815293
0.261288
0.488884
0.172320
-0.662043
-0.533951
-0.594089
0.361997
0.070042
0.966502
-0.712081
-0.903024
-0.118229
0.516246
-0.270816
0.133620
0.879797
-0.610063
-0.584986
0.011319
-0.257719
0.349535
0.071282
-0.433111
0.091944
-0.272441
-0.319472
0.495521
0.500350
0.612493
-0.949456
0.434080
0.184550
0.903224
-0.208463
0.397283
-0.938989
-0.103112
-0.341995
0.136461
-0.078979
0.009859
0.187806
0.814236
-0.598560
0.937074
-0.008156
-0.661271
-0.604782
0.436686
0.350049
0.137498
-0.213778
-0.578669
0.692664
0.816085
0.065290
-0.750103
0.309748
-0.252082
-0.786000
0.645754
-0.821069
0.182517
0.280836
-0.209917
-0.465985
0.439049
0.830314
0.305248
-0.366807
-0.207093
-0.791875
0.779074
-0.366936
-0.359384
0.784124
0.647352
-0.020655
-0.820658
0.084038
-0.670606
0.316658
0.811657
-0.342214
-0.125060
0.655875
0.884468
0.443403
0.139525
-0.434664
0.456416
-0.355486
-0.306694
-0.327993
-1.021289
0.660847
0.384271
0.556843
0.563337
-0.375640
-0.846424
-0.587643
-0.112307
0.980896
0.051170
0.528309
0.765020
-0.301479
-0.492345
0.935592
0.724636
-0.277588
0.145591
0.588022
0.604450
-0.732262
0.370399
0.418221
0.611092
-0.540660
-1.028798
0.128754
0.184586
-0.110190
-0.987161
0.396022
-0.352802
0.377052
-0.043532
-0.714067
-0.923560
0.137655
-0.308833
-0.035867
0.118551
0.742337
-0.507558
-0.117728
-0.582920
-0.066243
-0.224369
-0.784569
0.883451
-0.873145
0.880332
0.441025
-0.670819
0.183856
-0.243818
-1.033907
0.761785
0.033262
0.337156
0.157903
0.974961
0.308270
-0.440375
-0.338269
-0.254880
0.526066
-0.059459
-0.178440
-0.336279
0.631708
0.785692
0.782094
0.376377
-0.771970
-0.383873
0.786576
0.302052
0.535648
-0.931628
0.144729
0.590730
0.837194
-0.578666
0.830256
0.096284
0.439710
-0.923587
0.071994
-0.526498
0.352431
-0.815990
-0.536594
-0.320518
-0.263124
0.118014
0.424601
-0.737058
-0.941445
-0.753840
-0.073514
0.689088
-0.976491
-0.328080
0.021461
-0.707242
0.401861
-0.064994
0.628145
-0.099954
-0.141618
-0.407870
-0.681398
-0.263516
0.228081
-0.570552
-0.975384
-0.311656
-0.567768
0.056165
0.179462
0.775382
0.236977
0.639305
-0.545136
0.973853
-0.242681
0.879464
-0.763382
-0.184247
-0.871615
0.149511
-0.531698
-0.865318
0.859642
0.584775
-0.480952
0.313668
-0.547353
-1.009532
-0.949821
0.308952
-0.297349
-0.414929
-0.816222
-0.993406
-0.026917
-0.776796
-0.300339
0.405389
0.279733
0.879122
0.180771
-0.483290
0.518427
0.635635
-0.509432
-0.726530
0.514220
-0.272798
0.068548
0.603957
0.845841
0.562147
0.775345
0.764615
0.147531
-0.807377
-0.057381
0.573151
-0.706368
0.133635
-0.012163
0.080713
0.693218
0.184302
0.083810
-0.333595
0.407688
0.783471
-0.928206
-0.312579
0.662593
0.252565
0.203515
0.180404
-0.112434
0.693096
0.450672
-0.583428
-0.565910
-0.423818
-0.921375
-0.669388
-0.847480
0.848174
-0.916797
0.319349
-0.882027
0.092616
-0.067805
-0.570735
-0.787450
0.917231
0.509904
0.905835
0.101533
-0.406286
-0.427760
-0.490779
-0.622815
-0.355966
0.196642
-0.960222
0.896599
-0.599096
0.221086
-0.202527
-0.889032
-0.302187
0.202430
-0.459568
0.225376
0.222620
-0.169768
0.372019
0.074357
-0.093545
-0.313566
0.182262
0.992905
0.618629
0.611527
-0.794545
0.535860
0.121431
-0.888710
-0.362607
0.715145
-0.316470
0.146614
-0.907670
0.327738
-0.656570
-0.867563
0.225435
-0.254522
0.357615
-0.984886
-0.154402
-0.969376
0.197059
0.357014
0.256417
-0.570817
-0.812604
-0.371491
0.503540
0.093851
0.314942
-0.314198
0.086756
-0.066429
-0.702671
0.292211
-0.530569
0.418760
0.403501
0.106824
0.133905
-0.912969
-0.746562
0.226235
0.414608
-0.403292
0.358357
-0.361243
0.340723
-0.288752
-0.352282
-0.819780
-0.258283
0.844777
0.537234
0.998134
-0.726040
0.724630
-0.373358
0.777500
-0.181519
0.941585
-0.536698
0.905238
-0.124844
-0.239370
0.197449
0.344587
-0.820610
-0.399050
-0.548589
0.313295
-0.312019
-0.295152
-0.460469
-0.897424
0.301542
0.897874
-0.258667
-0.357734
-0.390877
0.389051
-0.177514
0.350839
0.233827
-0.640281
0.348973
0.507787
-0.915651
0.975615
0.285287
-0.097170
0.917200
0.748588
-0.191932
-0.207644
-0.490781
-0.994484
-0.863057
-0.311391
-0.393534
-0.411647
-0.998096
0.294447
0.293201
-0.458565
0.397023
-0.405256
-0.560691
-0.861644
0.237009
0.048432
0.527406
-0.940505
-0.600729
-0.238767
-0.580786
0.748244
-0.730980
-0.496437
0.723859
0.554307
0.406393
0.641059
0.302895
-0.785539
-0.566585
0.812114
-0.780023
-0.429643
-0.499277
-0.173557
0.158481
-0.497602
-0.879339
-0.548088
0.044062
0.517913
0.046655
0.483372
0.656269
-0.716335
-0.468197
0.183675
-0.656840
-0.068926
0.944908
-0.237627
-0.320682
-0.786071
0.265936
-0.596823
0.768235
-0.327671
-0.955712
0.071343
-0.113158
-0.522297
-0.110807
0.112486
0.053577
0.382539
0.933559
-0.807207
0.859426
-0.949667
-0.324638
-0.047333
0.577666
0.705285
-0.585971
0.228284
0.988950
-0.054168
-0.588041
-0.667890
0.876907
-0.643133
0.094483
-0.443775
-0.416371
-0.626750
-0.027554
-0.641120
0.058370
0.020509
0.422545
0.924047
0.458725
-0.755763
-0.050935
-0.532832
0.631532
-0.061482
-0.265905
0.594928
0.044297
0.407479
-0.505373
-0.414367
0.099931
-0.091344
0.813917
0.088881
0.854488
-0.774124
0.420991
0.744227
-0.403631
-0.470790
-0.691859
0.180426
-0.084360
0.301989
0.526676
0.901215
-0.781276
-0.139662
0.771469
0.652886
0.153600
-0.167660
-0.703242
-0.103584
0.826488
0.010832
-0.549745
-0.172377
-0.608090
-0.067891
0.413256
0.491842
0.840764
0.227173
-0.419277
0.708085
0.466675
-0.984551
0.463048
-0.915967
-0.406264
0.788843
0.240990
0.412439
-0.031793
-0.361201
0.259093
0.198530
0.608602
0.174417
-0.020138
-0.197474
1.000298
0.219559
0.667057
0.798394
-0.797586
-0.908234
-0.373983
-0.405675
0.023875
-0.960727
-0.913834
-0.122529
0.280072
-0.309697
-0.398977
-0.206505
-0.253317
1.041467
-0.218462
0.221468
0.624827
0.882589
-0.468214
-0.329981
-0.358450
0.906769
0.928511
-0.749788
0.042442
-0.163192
0.004377
-0.005114
-0.976905
-0.353795
-0.206720
-0.774491
-0.262030
0.419297
-0.180166
0.774678
0.485157
-0.060170
-0.313850
-0.211846
0.649131
0.255343
0.465414
-0.816969
0.060252
-0.937948
0.333086
-0.170151
-0.844634
-0.956790
0.593205
-0.160024
0.936798
0.448256
-0.000694
-0.099404
-0.772196
0.973998
0.892127
-0.749101
-0.379797
-0.314593
-0.523592
0.371006
-0.868687
0.346884
0.179462
0.635616
-0.695471
0.784448
-0.735667
0.701945
-0.190382
0.581357
-1.113573
-0.972081
0.891381
0.462581
0.047817
-0.849098
0.504474
-0.429734
-0.134460
0.340156
0.925181
0.830011
-0.765958
-0.847015
0.804009
-0.873831
-0.596116
-0.562956
-0.156563
-0.064713
0.838102
-0.012838
-0.734429
-0.066872
-0.553745
-0.703348
-0.460777
-0.345864
-0.972249
0.508499
-0.550310
-0.795792
0.806755
-0.472733
0.682923
-0.277597
-0.467960
0.064490
0.182406
0.358171
-0.598708
0.107587
0.188182
-0.364666
0.260572
0.013994
-0.200298
0.724863
0.468020
0.659826
-0.377299
0.200690
-0.551402
-0.344710
-0.968035
-0.117400
0.006931
-0.325299
0.692011
0.316555
-0.561955
-0.679577
0.504114
-0.928176
-0.290771
0.039644
-0.313467
0.180865
-0.896580
0.868939
-0.460964
-0.495288
-0.023474
0.755002
0.185832
-0.706559
-0.240917
0.972772
0.937121
-0.850287
0.446850
-0.592880
0.303483
0.878403
0.046702
0.355239
-0.124475
-0.683711
-0.706671
-0.239989
0.591116
-0.434428
-0.050684
-0.053177
-0.462788
0.577675
0.985040
0.223746
-0.241459
-0.911540
0.092685
0.325361
-0.365491
-0.874712
0.045245
0.786269
-0.647839
0.751646
0.637366
-0.807943
0.849215
0.035426
-0.495455
0.119269
0.014347
0.874311
-0.230260
-0.885500
-0.847985
-0.115987
-0.293290
0.611729
0.354045
0.582985
-0.442875
0.891257
0.160660
-0.457835
0.115003
0.942047
-0.327264
-0.760424
0.198660
0.250624
-0.704558
-0.737474
-0.041804
-0.400553
0.965240
-0.527898
-0.378179
0.740405
0.653811
0.483722
0.183559
-0.118449
0.357176
0.782680
-0.185027
0.362137
-0.432916
0.456782
-0.032589
0.921129
0.039767
0.524536
0.812387
-0.771788
-0.887395
-0.073919
-0.928410
-0.345296
0.122005
0.369062
0.971281
0.423218
0.546559
-0.219183
0.828836
0.457930
0.425732
-0.175040
0.522921
0.276905
-0.686279
-0.434254
0.983616
0.507581
-0.759256
-0.273491
-0.145119
-0.192172
-0.816709
0.822293
-0.271043
0.250843
0.351372
-0.477340
0.331751
0.322673
0.460325
0.557540
-0.851856
-0.393284
-0.163437
-1.065890
-1.109598
-0.630915
-0.140786
-1.014754
-0.947300
-0.569015
-0.151308
0.496226
0.589096
0.032779
0.960737
0.496808
-0.472804
-0.798519
-0.776683
0.382077
0.009309
-0.580559
0.201836
0.696731
0.530983
-0.531782
-0.792095
0.028579
0.949359
0.714894
-0.472831
-1.051851
-0.785237
0.367643
-0.948544
-0.674590
0.923153
0.025743
-0.596671
0.992734
0.425959
0.179479
0.405327
-0.051129
-0.795165
0.366063
-0.554321
-0.267969
0.567544
-0.321558
-0.884654
-0.447821
0.017009
0.264432
-0.721941
-0.341679
0.819484
-0.483753
0.646745
0.675705
-0.820932
-0.742332
0.866705
-0.345069
0.823921
-0.978195
0.093690
0.808180
0.057494
0.445425
0.718291
-0.567030
-0.381805
0.123618
0.381841
-0.176970
-0.510319
0.836943
0.576997
-0.937075
-0.512704
0.668276
-0.339787
0.595790
-0.002162
-0.072399
-0.810056
-0.262466
0.414490
-1.027258
-0.341559
0.888405
-0.559299
-0.341189
-0.367531
-0.734005
-0.364535
0.648743
0.984736
0.654521
0.087458
0.703027
-0.912509
0.705653
-0.173355
0.483088
-0.454187
0.342864
0.335009
-0.867898
0.470406
0.902755
0.820239
-0.946005
0.373325
-0.293583
-0.120495
0.615063
0.580806
-0.471839
0.766630
-0.643650
-0.555169
-0.913333
-0.092480
-0.026673
-0.709830
0.510610
-0.384640
-0.725094
0.165131
0.702818
0.977934
0.265454
0.422225
-0.194729
-0.230349
0.994555
-0.788816
-0.871464
-0.868200
0.577052
0.879380
0.765982
0.450628
0.121794
-0.524900
-0.518033
-0.137314
-0.827154
-0.018971
-0.487984
-0.585304
0.347413
-0.431587
0.293195
-0.682615
-0.141417
-0.196194
-0.067256
0.133490
0.981770
-0.351605
0.131938
0.238478
-0.917549
0.981375
1.032277
1.066523
-0.840634
1.035371
-0.986539
0.471370
0.711535
0.737292
0.004096
-0.031618
-0.685609
0.511864
0.785513
-0.584656
-0.547969
-0.728103
-0.195626
0.799444
-0.159690
-0.902431
-0.883171
0.698893
-0.098625
0.062397
-0.146933
-0.110137
0.704384
0.982433
-0.846122
0.810091
0.943540
-0.911962
0.672973
0.806120
0.945932
0.661934
0.404134
0.780124
0.501335
-0.525627
-0.262833
0.778589
0.953903
-0.502993
-0.818900
-0.594065
-0.231096
-0.014526
-0.794621
0.609213
0.082884
-0.677952
0.317921
0.992901
0.393725
-0.820764
-0.069940
0.132433
-0.864340
-0.016903
-0.225445
0.905323
-0.022099
-0.502236
0.837842
-0.020318
-0.791124
0.268902
-0.248129
0.697205
0.730439
0.476202
0.475794
0.684342
0.973209
0.656893
-0.909723
-0.257887
-0.357633
-0.704345
-0.648674
0.732981
-0.359629
0.681982
0.741998
0.999207
0.804166
-0.437357
0.021588
0.847803
0.506991
0.831567
0.828317
-0.506857
-0.670916
0.669136
0.472827
-0.462040
-0.061962
-0.775302
-0.764835
-0.331523
0.700899
0.710958
-0.647181
0.674108
0.367851
-0.556904
-0.584154
-0.990157
-0.259285
-0.231411
0.734739
0.348365
-0.581249
0.437464
0.346906
-0.773101
-0.989985
-0.607182
-0.888886
0.521174
-0.774538
0.939430
-0.985683
-0.445454
0.608566
0.487144
0.092506
-0.453396
0.711842
0.327670
0.215081
0.412741
0.038628
0.567900
0.086850
-0.593520
-0.989004
0.503384
-0.582989
-0.249939
-0.729382
-0.847674
-0.893639
-0.302403
0.597783
0.452619
-0.075504
0.607797
0.845437
0.035610
0.128971
-0.929101
-0.024960
0.143289
-0.374555
-0.416394
0.035813
0.000432
0.080980
-0.036401
-0.020350
0.142940
0.083392
-0.011413
0.011445
-0.024656
-0.070514
-0.040092
-0.526616
0.374189
-0.522025
-0.676271
-0.135892
-1.508451
0.215243
-1.508120
-0.379887
-0.100868
-0.285279
0.588445
-0.627521
-0.043730
-0.324801
-0.392152
-0.202276
0.136818
0.096005
-0.462997
-0.414165
-0.808502
-0.757883
-0.950130
-0.077485
0.290318
-0.841817
-0.668562
-0.672389
0.006558
-0.860779
-0.272126
-0.487857
0.348115
0.203654
0.080242
-0.669801
0.208350
0.480459
-0.802792
-0.991022
-0.696156
-1.032582
-0.405105
0.033615
-0.222859
-0.050982
-0.988245
0.884988
-0.733328
0.112238
0.760706
0.092937
-0.003512
0.614900
0.228957
-1.555521
-1.339443
-1.170720
-1.071889
-0.593632
0.180082
-0.990361
0.312298
-0.420617
0.613942
-0.546229
0.489647
-0.141762
-0.578628
0.306547
-0.073263
-0.864434
0.506639
0.335067
0.671472
-0.647294
-0.835119
0.245391
-0.890714
-0.431786
-1.470160
0.925605
0.061686
-0.338408
0.859829
-0.344071
0.690400
1.133961
0.716701
-0.836620
-0.589345
-0.224747
-0.239772
0.511016
-0.344958
-1.216856
-0.204307
-0.199054
0.197225
-0.308916
-1.224616
-0.997853
1.310871
0.537769
0.571303
0.669937
-0.817580
-0.063127
-0.073889
-1.810054
0.073389
1.017639
-1.378016
-0.567405
-0.051294
0.975356
-0.903185
-0.496558
0.401516
-0.487492
-0.204373
-0.743874
-0.227881
-0.345663
-0.447089
-0.469197
-0.779874
-0.538172
-0.388167
