0.680375
-0.211234
0.566198
0.596880
0.823295
-0.604897
-0.329554
0.536459
-0.444451
0.107940
-0.045206
0.257742
-0.270431
0.026802
0.904459
0.832390
0.271423
0.434594
-0.716795
0.213938
-0.967399
-0.514226
-0.725537
0.608354
-0.686642
-0.198111
-0.740419
-0.782382
0.997849
-0.563486
0.025865
0.678224
0.225280
-0.407937
0.275105
0.048574
-0.012834
0.945550
-0.414966
0.542715
0.053490
0.539828
-0.199543
0.783059
-0.433371
-0.295083
0.615449
0.838053
-0.860489
0.898654
0.051991
-0.827888
-0.615572
0.326454
0.780465
-0.302214
-0.871657
-0.959954
-0.084597
-0.873808
-0.523440
0.941268
0.804416
0.701840
-0.466669
0.079521
-0.249586
0.520497
0.025071
0.335850
0.063615
-0.917860
-0.120707
0.867688
0.861620
0.441905
-0.460647
0.477069
0.279958
-0.291903
0.375723
-0.668052
-0.119791
0.760150
0.658402
-0.339326
-0.542064
0.786745
-0.299280
0.373340
0.912937
0.177154
0.323250
0.719006
-0.116700
0.862918
-0.176817
0.659661
0.405116
0.895427
-0.143323
-0.640441
0.690126
0.550369
-0.789170
0.759259
0.282161
-0.136093
0.210195
-0.466879
0.572004
-0.385084
-0.105933
-0.547787
-0.624934
-0.447531
0.112888
-0.176726
-0.670535
0.811258
-0.743958
-0.689112
0.193314
0.512582
1.098975
1.087297
0.587253
0.140171
1.100079
0.068546
-0.261694
-0.263959
0.239947
-0.525574
-0.733613
0.435299
-0.778048
0.586941
-0.671796
0.490143
-0.850940
0.900208
-0.894941
0.043127
-0.657183
-0.546231
0.575265
0.307949
0.178092
0.748408
0.090599
0.204227
-0.896860
-0.796399
0.160272
-0.532248
-0.319372
-0.133185
0.167984
0.795133
0.041161
0.427858
-0.939608
-0.696375
1.000342
-0.591343
0.779911
-0.749063
0.995598
-0.891885
0.741080
-0.855342
-1.001281
0.823139
0.048928
-0.890488
-0.990917
-0.499046
0.427940
0.125468
-0.398295
-0.145335
0.322536
0.190015
0.789568
-0.645565
0.314417
0.495331
-0.540485
0.771706
0.008040
0.754629
0.508417
0.257820
-0.929158
0.495606
0.666477
0.850753
0.746543
0.662075
0.949139
0.326756
0.573100
0.599393
0.037940
-0.258829
-0.718939
0.429553
0.428823
-0.795211
0.317984
-0.405940
0.071400
-0.388927
0.595175
-0.399422
-0.516580
-0.832463
-0.985718
0.290382
-0.526206
0.302264
0.021372
0.942931
-0.439916
0.092214
0.438537
-0.773439
-0.066762
0.027466
0.612228
-0.576864
-0.894317
0.191264
-0.304305
-1.151563
-0.391037
0.300033
0.950701
-0.634786
0.290772
0.137294
-0.018281
-0.366200
0.157621
-0.989136
0.020082
-1.015890
-0.142108
0.391968
0.347873
0.275280
-0.305768
-0.630755
0.218212
0.254316
0.451730
-0.510822
0.079174
-1.093955
0.329939
-0.043872
0.198816
-0.567293
0.186390
-0.726419
-0.055626
0.821839
0.375591
-0.736784
-0.498894
-0.331219
-0.041140
-0.107912
0.053518
-0.513554
0.581459
-0.423241
-0.340716
-0.620498
0.968726
-0.992843
0.654782
-0.337042
-0.627725
-0.269804
0.722599
0.413393
0.161302
0.274177
-0.637576
0.452634
0.001180
0.696709
1.052921
0.760561
0.621918
-0.329830
0.673106
0.123088
-0.685091
0.506716
0.611399
0.642610
0.011900
0.152399
-0.674487
-0.452178
0.729158
-0.015202
-0.072676
0.697884
-0.012440
-0.471873
-0.795246
0.061578
0.183612
-0.898763
0.219234
-0.006091
0.534109
0.017811
-0.737212
-0.922168
-0.257644
-0.666877
-0.324306
-0.220504
-0.644220
0.619158
0.635690
0.120725
0.676468
0.636255
-0.007851
-0.330057
-0.211346
0.317662
0.217766
-0.482188
-0.702058
-0.953039
-0.818959
0.206220
-0.340254
-0.295372
-0.402771
-1.063385
-0.641310
0.194966
-0.193741
-0.680799
0.067541
0.698423
0.373784
-0.821671
0.307031
-0.039259
-0.083715
-0.619994
0.117933
-0.147601
0.659878
-0.211223
-0.511346
-0.347973
0.458720
0.277308
0.934071
-0.293937
0.755899
-0.707110
0.123282
-1.004867
0.394015
-0.123638
-1.108209
-1.605534
0.251322
0.394495
-1.125447
0.307811
1.029742
0.081243
-1.177974
-0.270379
0.688095
-0.783829
-0.854837
-0.234208
-0.396474
0.314240
0.618191
-0.736596
-0.896983
-0.893155
-0.004518
0.618632
0.526917
0.229717
-0.578457
0.377345
0.018966
-0.167096
-0.366582
-0.507650
-0.485650
1.015386
-0.047943
-0.489492
0.121781
-0.463058
-0.475209
-0.151764
-0.576064
0.654285
-0.897185
-0.802325
0.847456
-0.660701
-0.036533
-0.549018
0.653539
-0.418343
-0.251243
0.715584
-0.010894
0.932450
0.284267
-1.035059
-0.868013
0.071910
0.138930
0.892561
0.105807
-0.066024
-0.404906
-0.032798
-0.992241
-0.395575
0.008480
-0.087299
-0.754670
-0.313293
-0.458177
-0.131983
-0.538008
-0.228504
0.065692
-0.690552
0.110795
-0.970841
-0.205199
-0.230965
-0.034298
0.933643
-0.088266
0.385174
0.064709
0.772255
0.623111
1.443958
1.152218
0.176994
0.266409
-1.190256
-0.272110
0.143897
-0.111501
-0.155481
-0.219814
-0.326924
-0.369673
0.437734
0.603793
0.355625
-0.694248
-0.934215
-0.872879
0.371444
-0.616515
0.147664
0.630457
0.451402
-0.801860
-0.669486
-0.073187
-0.235603
1.019832
1.505191
0.197764
0.104789
0.138888
0.608168
0.109538
-0.635077
0.664657
-0.706619
-0.835023
-0.148636
0.607018
0.351308
0.808340
-0.617777
-0.210957
0.412133
0.737848
0.094794
0.528937
0.758340
-0.406472
1.066304
0.124144
0.935092
0.275421
0.518950
1.477514
1.255392
1.076108
0.437684
0.090017
0.679295
0.421671
-0.682875
0.443181
0.047980
0.142507
0.401598
0.511580
0.589820
-0.474431
0.208758
-0.058872
-0.666091
0.590981
0.730171
0.703267
0.172074
-0.253857
0.352895
0.031954
0.194337
0.119397
-0.319284
0.668942
-0.302356
0.867992
0.178415
0.492049
-0.441348
-1.155928
-0.387241
0.019974
-0.896455
0.458630
-0.387194
0.236049
-0.095755
-0.712036
-0.173844
-0.505935
-0.186467
-0.965087
0.435193
0.088603
0.468144
0.089137
-0.228476
-0.230811
0.632683
-1.027566
-1.006739
-0.126968
-0.191306
-0.514632
-0.413921
0.108909
0.594116
0.208962
-0.300025
-0.194107
0.479054
0.679435
0.854060
0.758843
0.534027
-0.332862
0.073485
-0.561728
-0.044898
0.899641
-0.067680
0.764043
0.816751
-0.727502
-0.268842
0.240869
0.158082
0.441626
-1.013837
-0.296951
0.394625
-0.642438
-0.242846
-0.012701
0.059293
0.282465
-0.629567
-0.049344
-0.465532
0.245380
0.855095
-0.552136
0.213084
0.730867
-0.780445
-0.252888
-0.601995
0.293040
0.185366
0.343752
0.257807
-0.805908
0.076348
0.038756
-0.724383
-0.886339
-0.577455
-1.548013
0.567109
-0.120105
0.624960
0.868965
1.425706
0.193993
0.193967
0.120692
0.564130
0.354506
0.954820
-0.662846
-0.414222
0.764409
-0.267944
0.798863
0.495276
-0.048389
-0.454026
0.893654
-0.698362
0.796298
0.283110
0.349496
0.726643
-0.874494
-0.857268
-1.053195
-0.878715
0.220775
-0.259088
-0.084996
0.425726
1.787049
-0.602764
-0.502328
-0.754038
-0.049270
0.317477
0.844124
-0.798286
0.228453
-0.858886
-0.212508
-0.007138
-0.126830
-0.413645
-0.513186
0.823458
0.128447
-0.670924
-1.048737
-0.376839
0.368705
0.048690
-0.883290
0.344571
-1.374953
0.104246
-0.178358
0.610149
0.622010
-0.340450
0.778687
0.293424
-0.317035
-0.899664
0.533402
0.606660
0.397426
0.363843
0.808374
-0.374121
0.504957
-0.404134
0.618741
-0.621873
0.182221
-0.895965
-0.797646
-0.698493
-0.664361
-1.110493
-0.220154
-1.294355
0.477415
0.808859
-0.996883
0.821625
-0.061900
-0.486062
0.174022
-0.662326
0.169170
-0.047291
0.631098
0.852135
0.053045
0.164500
0.458795
-0.549529
-0.471656
0.267170
0.076351
-0.966699
0.863068
-0.304876
-0.589806
0.047911
-0.227350
-0.441328
0.260570
0.165847
-0.145798
-0.495020
0.406372
-0.334216
-0.570952
0.518417
-0.483777
0.367148
-0.967645
0.690246
0.704822
0.201525
-0.357045
0.335920
0.053660
0.696000
-0.499579
-0.487544
-0.853529
0.028764
0.779625
0.222822
0.061953
0.643780
0.919168
0.436602
-0.351418
-0.282611
-0.912174
-0.952278
-0.989848
-0.025492
-0.414229
0.416525
0.640292
0.014819
-0.065058
-0.843484
-0.618033
-0.032703
0.846762
-0.913211
-0.831178
-0.510283
0.422710
0.222482
-0.814283
0.923130
0.734938
-0.667812
-0.048105
0.514564
0.555010
-0.986040
0.157225
0.472924
0.487454
0.845144
-0.807192
0.575285
0.892870
-0.797039
-0.450207
-0.521358
0.619486
-0.809915
0.493461
-0.445573
-0.653399
0.875428
0.521724
-0.806637
0.962217
0.690546
-0.316921
0.384927
-0.086972
-0.131204
0.308057
-0.352034
0.200984
-0.740048
-0.837470
-0.244006
-0.726088
0.319755
-0.771082
0.761366
0.164899
-0.578274
0.336651
0.057770
-0.375313
0.886444
0.536411
-0.755828
-0.923470
0.029872
-0.201400
-0.576869
-0.094700
-0.679676
-0.383506
-0.132483
-0.989130
0.299573
-0.747556
-0.076102
-0.831631
0.560501
0.571865
0.346844
0.797943
0.712469
-0.873755
-0.904738
0.054150
-0.645734
0.853938
-0.780951
-0.224008
0.192383
0.276819
0.400679
0.078827
-0.186770
0.644852
0.155357
0.843102
-0.556548
0.578487
-0.251598
-0.236225
-0.806116
0.614832
-0.224727
0.471250
0.818501
0.601840
0.607056
0.403213
0.346377
0.248547
0.481725
0.184971
0.199470
0.337561
-0.953105
0.511891
0.199413
-0.722037
-0.712156
-0.608204
0.554820
0.688562
0.470623
-0.631949
0.333414
-0.374021
-0.788847
0.775461
-0.796414
-0.044737
-0.554649
-0.750158
-0.483072
0.360151
0.976476
-0.688415
-0.134236
0.262853
0.675508
-0.590719
-0.375776
0.201738
0.276561
0.739745
-0.534343
0.347953
0.258719
0.665109
0.625994
0.546602
-0.943095
0.180814
0.235164
0.527528
0.549895
-0.480087
-0.952153
0.459936
-0.843307
-0.579698
-0.449373
-0.160617
-0.540176
-0.049030
-1.019962
-0.767022
0.459642
0.311378
-0.369773
0.837652
0.637979
-0.146722
-0.271915
-0.218566
-0.455621
0.199289
-0.863530
0.803097
-0.135602
0.762463
0.349699
-0.078696
-0.077913
-0.487658
-0.576468
-0.850809
0.098292
-0.452109
-0.672373
0.320777
-0.327158
-0.188405
-0.853053
0.545869
-0.865688
-0.405246
-0.418725
-0.674842
0.898981
-0.404447
0.591181
0.302658
0.375054
-0.649174
-0.910541
0.919433
0.550115
-0.774071
0.722530
-0.585487
1.020530
0.103817
0.293296
-0.012349
0.807329
0.959094
0.654440
0.005778
-0.287121
1.089278
-0.412936
0.214902
-0.633852
-0.204612
0.176730
0.194958
0.391531
0.519164
-0.043410
0.083965
-0.988314
-0.462632
-0.616739
0.386741
-0.111805
-0.527280
0.306173
-0.561690
-0.242365
0.065394
-0.139299
-0.213355
-0.741697
-0.536550
0.969441
1.295005
1.474726
0.645853
-0.018026
-0.544186
-0.436940
-0.287403
0.524781
0.583286
0.665885
-0.101186
-0.675100
-0.141857
-0.793220
0.200811
0.935388
-0.781533
0.738179
-0.681351
0.605207
-0.373626
-0.154706
0.046974
0.156693
0.747623
1.298561
1.223521
-0.448408
-0.606778
-0.485573
0.831487
1.076503
-0.922883
-0.278618
-0.743583
-0.889316
0.644317
0.377215
-0.747034
-0.073581
-0.177010
-0.080127
0.203654
0.671065
0.126653
-0.595535
0.606453
0.345120
-0.891645
0.967218
0.050402
-0.095021
-0.008602
1.068057
1.183890
-0.587729
0.989635
0.804762
-0.679765
0.983393
0.976873
-0.904642
0.269462
0.140253
0.142138
-0.930777
-0.548569
-0.418755
0.256732
-0.476228
0.497357
-0.927008
0.443645
-0.298989
0.744057
-0.429702
0.071833
0.375770
0.945304
0.245605
0.509466
0.297446
-0.660524
1.156429
-0.168366
0.963184
-0.472024
-0.299075
0.423929
-0.633669
-1.181604
-0.173381
-0.374788
-1.025463
0.414878
0.773787
-0.976554
0.772689
-0.646599
0.278397
-0.703539
0.850757
0.351389
0.740105
-0.479987
0.101751
-0.748432
0.619109
-0.497685
-0.565665
-0.200707
0.617702
-0.094479
-0.051102
0.711011
0.880382
-0.098692
0.849784
-1.123886
-0.794334
-0.656194
-0.196745
0.731425
0.216070
-0.265638
0.230982
0.034781
-0.242402
0.003671
0.388182
-0.964005
0.300131
0.214746
0.263907
-0.035543
0.718440
-0.693728
0.295450
0.084942
-0.199070
0.511442
-0.646867
0.083226
-0.168650
0.536681
-0.654136
-0.491102
-0.917515
-0.717439
-0.109461
-0.708570
-0.349911
0.556431
-0.740673
-0.973677
-0.710108
0.490309
0.061104
0.047491
-0.506021
-0.651150
-0.046267
0.669881
0.531683
-0.703800
-0.416559
0.022664
-0.405746
-0.879636
-0.050204
0.965935
0.875212
0.227186
-0.726710
-0.769987
-0.285919
0.120402
-0.033883
-0.521927
0.041940
0.765457
0.029698
0.943636
0.307519
0.289024
0.969959
0.597412
-0.220667
-0.008723
-0.394676
0.132363
0.357022
0.660686
-0.117501
0.067698
-1.111172
0.274433
-0.405850
0.113039
-1.043706
0.414119
-0.022786
0.642824
-0.135933
0.840716
-0.625753
0.320372
-0.532347
0.246171
-0.984240
0.638203
-0.053909
0.045458
0.581840
-0.746390
-0.665518
0.511986
0.823936
0.043111
-0.566329
-0.771223
-0.882422
-1.321995
-1.188962
0.182045
0.023637
-0.522499
0.184159
0.659059
0.334090
0.248692
0.253067
-0.118351
0.388091
-0.638682
-0.792001
0.639063
0.718883
-0.354610
-0.236795
0.734643
-0.716407
0.709296
-0.219899
0.859712
0.918230
0.017168
0.274896
0.456245
-1.203088
-1.392492
-1.102013
-0.597941
-0.849885
-0.238523
-0.764047
0.399519
-0.210573
0.085570
0.196765
-0.325459
0.031172
-0.315576
0.206556
-0.769876
-0.063631
0.326503
0.729746
-0.344748
0.971893
-0.507049
-0.610105
-0.766140
-0.859021
0.059705
-1.017802
-1.087719
-0.989584
0.078575
0.453954
-0.702582
0.762372
-0.185333
0.349617
0.775306
-0.547026
-0.213564
-0.212967
0.880042
-0.237919
-0.906950
-0.658062
0.534488
-0.300875
0.461353
0.655229
0.635494
-0.212144
0.384975
-0.709254
-0.203276
0.846401
-0.353828
0.004802
-0.915082
0.632519
0.136078
-0.904955
-0.691792
-0.000051
-0.273003
-0.033366
-0.709151
-0.790232
0.503685
0.827973
0.517137
0.077509
-0.236345
0.135173
0.640286
-0.218224
0.432399
0.094720
0.480901
-0.106248
-0.250051
0.116395
0.719623
-0.908726
0.394275
-0.627589
-1.057360
-0.868635
0.617760
-0.908215
1.286572
0.042618
-0.035143
-0.697089
0.082317
-0.704845
-0.282399
0.587614
0.383421
-0.458328
0.326134
-0.569606
0.513830
-0.995582
0.529849
0.074060
-0.213805
-0.037752
-0.831220
-0.697164
0.891739
-0.127359
0.272185
0.422167
0.154075
0.065628
1.191151
0.462055
0.385146
0.688524
0.461651
-0.211224
-1.136830
0.293982
-0.091663
0.431289
-0.680567
0.711558
-0.214406
0.116214
-0.887502
-0.931386
0.549319
0.584623
-0.926968
0.079168
-0.341317
-0.105033
-0.922845
-0.216324
-0.105910
0.638016
0.664492
-0.144752
0.577622
0.015673
0.748852
0.467925
0.865836
-1.062477
-0.305716
-0.200007
-0.142912
-0.089048
-0.295606
0.948678
-0.814946
-0.413909
0.500137
-0.051875
0.721174
0.609281
0.016739
0.270492
0.193904
0.089771
-0.614601
0.941215
0.838807
-0.783871
-0.475403
-0.076770
-0.452720
-0.505080
0.667922
0.672990
0.156339
-0.324520
-0.119718
-0.108258
0.026261
0.786782
-0.787450
-0.889135
-0.135097
-0.357907
0.946293
0.038096
0.226508
0.444753
0.986221
-0.052318
0.054035
0.002960
-0.782971
-0.753206
-0.879300
-0.422915
-0.924352
-0.855149
0.215326
-0.093399
0.288787
0.682846
0.563943
-0.023019
0.031514
-0.570687
0.430930
-1.042832
0.525358
-0.347806
-0.904516
0.643684
-0.287676
-0.039613
-0.714222
-0.341383
0.998482
0.512286
-0.896630
0.984703
-0.540032
0.157405
-0.012337
-0.252685
0.473368
0.347205
0.628047
0.816362
0.382654
-0.381730
-0.430947
-0.479657
0.464729
0.496532
-0.058652
-0.576791
0.926184
-0.470895
-0.468363
0.451542
0.181299
-0.372880
0.095226
0.893623
0.587507
0.381003
-0.447760
0.585989
-0.106711
-0.344390
0.650671
0.433235
0.990168
-0.209684
-0.810579
0.323681
0.744249
0.481244
-0.120596
-0.145153
0.482260
0.010678
0.000037
-0.065452
-0.496052
0.941385
0.357757
-0.569868
-0.529510
0.889394
0.881674
0.651789
-0.483486
-0.023100
0.545412
-0.895979
-0.642097
-0.902348
0.690010
0.251193
-0.231982
0.282881
-0.386177
-0.423112
0.830464
-0.352788
0.785848
0.459018
0.913222
-0.491135
-0.781326
0.395482
0.519543
0.218712
-0.669970
-0.976509
0.160097
0.687787
-0.546377
0.630587
0.577181
-0.664703
0.282376
-0.906305
0.312197
-0.172212
-0.802285
0.670100
-0.074560
0.887725
-0.078707
0.678701
0.148427
0.525743
-0.755022
-0.032515
-0.838409
-0.970386
-0.574710
-0.925187
-0.461521
-0.356036
0.470295
-0.941979
0.862676
0.800325
-0.918488
0.022773
0.488112
-0.464865
-0.346640
0.065293
-0.129568
0.935736
0.158988
-0.817372
-0.236476
0.356703
0.852729
0.688964
0.244428
-0.225978
0.367666
-0.607145
-0.700236
0.612644
0.360340
-0.538645
0.642258
0.785630
-0.463833
-0.819264
-0.570405
-0.993538
-0.761242
-0.707729
0.806787
-0.679731
0.315043
0.294899
-0.144596
0.968403
-0.639807
0.725836
0.904139
0.519180
0.908464
-0.332336
-0.124117
0.787334
-0.617231
-0.848239
-0.454163
0.734916
-0.486833
-0.165021
0.337872
0.873507
0.296333
-0.020805
0.659137
0.832501
0.159931
-0.911268
0.838963
0.398688
-0.618997
0.645750
0.718958
0.696046
-0.059350
-0.428124
0.676618
0.298671
-0.706296
0.563051
-0.156424
-0.756021
-0.668612
0.797148
1.138919
-0.219918
0.990792
-0.342831
-0.641810
-0.639050
0.340048
0.654111
-0.768467
-0.334976
-0.366694
0.862028
-0.531117
0.793237
0.950761
-0.692154
0.191925
-0.724819
0.938765
-0.091816
-0.970548
-0.187015
0.449589
0.680899
-0.869502
0.827166
0.534335
0.509609
1.424466
0.784029
-0.143377
1.294588
-0.814850
-0.396122
-0.470560
-0.564202
-0.114741
0.809077
-0.938733
0.059508
-0.554541
-0.305427
-0.078463
-0.085659
-0.568811
-0.184324
0.207013
0.724867
0.130392
0.107484
-0.734310
-0.064978
-0.945069
-0.642232
0.382452
-0.230583
1.056247
-0.378384
0.555735
0.802694
0.661094
1.038397
0.806061
0.763122
-0.428266
-0.711600
-0.820782
0.375091
-0.902523
-0.759515
-0.565401
-0.457064
-0.121562
0.310563
0.466227
0.373075
-0.801159
-0.357208
-0.115505
0.264773
0.743663
0.588427
-0.255673
0.772033
0.565565
0.385472
-0.922966
0.712313
0.774770
0.541089
0.557742
0.463243
0.467521
0.305176
0.227614
0.980329
0.593576
0.406832
0.355420
0.691053
0.590735
0.787253
-0.835186
-0.458719
0.081167
0.415481
-1.295287
0.389829
-0.545081
0.407088
0.259035
-0.866208
-0.344363
0.190471
-1.012210
-0.223260
-0.094002
-0.665833
-0.732498
-0.198094
0.823472
0.686358
-0.711035
0.274108
-0.008466
0.516579
0.254437
-0.414889
-0.133171
-0.376599
-0.761087
-0.446991
-0.448446
-0.975450
-0.047598
0.554496
-0.559130
0.495322
0.037093
-0.584663
-1.012004
0.211655
-0.603163
-0.010131
0.087197
-0.218701
0.672625
-0.741849
0.317952
0.837985
0.092497
0.103266
0.524343
0.381461
-0.622626
-0.484123
-0.158542
0.617402
-0.049390
0.715708
-0.923672
0.097025
-0.791853
-0.355108
1.074384
0.713843
-0.558428
-1.050985
-0.876342
-0.200566
-1.032120
-0.307542
-0.334849
0.114862
-1.091538
-0.968152
-0.564690
0.674544
-0.705876
0.699384
0.512528
0.386621
-0.197350
0.036871
-0.288500
0.174760
0.405988
0.736749
-0.587354
-0.704091
0.431113
0.076066
-0.665681
1.070119
1.362133
1.154590
0.149768
0.664697
-1.469624
-1.073632
-0.662960
-0.708047
-0.102996
0.696053
-0.862063
0.135634
0.861750
-0.464843
-0.189823
-0.844126
-0.765459
-0.677294
0.485806
-0.041386
0.209927
-0.816421
-0.952207
-0.452710
0.621276
0.141755
0.596616
1.083160
-0.043726
1.059544
0.284354
0.723996
0.193570
-0.481121
0.017753
0.027180
-0.396585
-0.504803
-0.804668
0.996284
-0.522253
-0.683368
0.131917
-0.660504
-0.148212
0.942095
-0.561376
-0.050486
-0.912441
-1.023463
-1.043169
0.500628
-0.717040
-0.163178
0.157193
0.456169
1.153079
-0.281599
0.975721
0.587287
0.460401
-0.190007
-0.300606
-0.402643
0.522260
-0.273393
-0.257604
-0.199704
0.541194
-0.073244
-0.203421
-0.981060
0.243388
0.928497
-0.713545
-1.029092
0.569880
-0.250444
-0.063380
-0.977118
-0.190250
0.979147
1.469757
1.069548
1.394301
0.441916
1.237276
0.336232
-0.767700
-0.147930
-1.164424
-1.433785
-0.957120
0.520081
0.254917
-0.609327
-0.412018
-0.949290
0.190969
-0.870825
-0.022534
0.987548
-0.873545
-0.903919
0.754673
-0.472546
-0.936520
0.646506
0.343667
0.918375
1.347845
-0.024173
0.642440
1.383707
0.977957
-0.225312
0.783474
-0.428871
0.129671
-1.141620
-0.886042
0.670751
-0.576767
-0.099767
0.629589
0.790249
0.290906
-0.782430
0.840959
-0.518125
-0.626655
-0.231711
-0.556004
-0.133211
0.048411
-0.759086
-0.271272
0.336151
-0.683726
-0.534197
0.201984
-0.380459
0.039276
0.824038
0.755188
-0.940732
-1.212830
0.586682
0.149359
0.451090
-0.875885
0.575459
0.499379
-0.391849
-0.524308
0.128968
-0.601600
0.766598
0.373046
-0.746211
-0.600976
1.163443
0.513121
-0.346359
-1.021642
-0.919857
0.010785
0.039141
0.500593
0.195242
0.637641
-0.653230
0.437200
-0.683471
0.777734
0.163451
-0.645301
-0.937398
-0.118535
0.434453
0.631983
0.031425
0.009912
0.131362
0.639576
0.485604
-0.755732
-0.844865
0.458057
1.241075
0.226297
0.934678
0.470122
0.396580
-0.666032
0.578104
0.633631
0.290968
-0.706261
-0.090368
-0.368271
-0.587296
0.404736
1.109476
-0.343360
0.150367
0.153076
-0.334588
0.214773
-0.987756
-0.900134
-0.153244
0.043669
0.109778
0.979053
-0.222778
-0.073548
-0.118575
0.409678
1.153230
0.984875
0.150227
0.406483
0.249375
-0.574708
0.703050
-0.691110
0.654006
-0.378853
0.243517
-0.082878
0.798269
0.800266
0.937148
0.504428
0.935137
-0.009407
-0.434331
-0.399451
-0.794634
-0.422087
-0.299585
0.025936
0.729227
1.029168
0.362588
-0.107014
-0.342849
0.430083
0.276273
-0.573469
0.335559
-0.896536
0.343213
-0.746359
-0.615787
-0.066820
-0.074263
-0.485443
-0.455319
-0.593960
-0.214188
0.594435
0.745682
-0.385267
-0.003695
0.680819
0.605326
0.561974
-0.718632
0.743784
-0.822464
0.115315
-0.100137
1.119723
-0.069314
0.692379
-0.916366
0.147087
0.114722
0.003491
0.280044
-0.610633
0.342713
-0.133807
-0.324752
0.783745
-0.431619
0.541089
0.605035
-0.671337
0.633335
-0.626099
0.820523
0.379017
-0.011366
-0.183172
0.041877
-0.479859
-0.634823
0.376087
-0.703680
-0.368257
-0.696917
0.227070
-0.964852
0.090206
0.040648
-0.524854
-0.376907
-0.480235
0.726890
0.779937
0.199590
0.032169
0.004223
0.136136
-1.003429
0.046931
-0.438298
0.630325
0.313079
-0.804963
-0.995774
0.133602
0.556095
-0.081042
0.918188
-0.451523
0.742411
-0.672048
0.834427
0.798116
-0.383169
-1.086739
0.133840
0.076525
0.615505
-0.444598
0.845792
1.087443
0.068594
0.200613
0.668708
0.353148
0.423722
-0.684656
-0.527021
0.500054
0.339837
0.034681
0.130379
-0.347084
0.229718
0.117285
0.719409
-0.242423
-0.868938
0.670453
0.314445
0.175788
-1.480196
-0.257988
0.126371
-0.277162
0.572279
0.008936
-0.696474
0.461708
0.681587
0.660624
-0.069935
-0.890044
-0.564379
-0.656228
0.465637
0.899152
-0.357657
0.938616
0.399206
0.982180
-0.026703
-0.470346
-0.364836
-0.810560
0.638544
-0.684751
-0.348389
0.358453
-1.383676
-1.098646
-0.174812
-1.233204
0.600596
-0.088961
0.419136
0.779262
-0.765647
0.181035
-0.308075
0.560566
-0.302237
0.541365
0.686459
0.127830
0.879583
0.152096
0.026982
-0.478074
0.090711
-0.573812
-0.495895
-0.935992
-0.052528
0.135717
-0.787607
-0.635730
0.281508
-0.073896
-0.925682
0.598411
0.675374
0.837038
0.895879
0.575466
0.129261
0.082964
0.143509
0.305662
-0.736000
0.835434
-0.133772
-0.038238
0.376799
-0.447313
-0.910408
0.256382
0.704783
0.116574
0.778308
-0.202901
0.544366
-0.744614
-0.166194
-0.528058
0.338192
-0.007242
-0.027463
-0.115333
-0.665468
0.530116
-0.298198
-0.881405
0.447676
-0.354081
0.694061
-0.423063
0.728884
-0.162430
0.882599
0.992883
-0.326995
-0.251174
-0.045355
-0.950196
0.301513
0.044237
0.306185
0.006296
-0.839189
0.084406
0.800959
0.702994
0.317514
-0.387584
-0.799234
-0.211480
0.787818
0.320605
0.770948
-0.811845
-0.149279
-0.527250
-0.693250
-0.701603
0.118669
-0.999189
-0.124666
-0.152447
-0.161619
-0.242068
-0.159564
0.511386
0.506758
0.795082
0.561190
-0.191728
-0.160681
-0.132625
0.814568
0.000130
0.951868
0.616358
-0.296297
0.318774
-0.722349
-0.094190
-0.892705
-0.934530
-0.773585
0.878242
-0.746375
0.077136
-0.649008
-0.439625
0.375533
0.469662
-0.438814
-0.749134
-0.682785
0.399568
0.008799
0.157651
-0.089047
-0.484443
-0.047267
-0.527857
0.323828
0.792052
0.339518
0.138396
-0.207818
0.291386
-0.245246
0.495884
-0.389840
0.032406
-0.598306
-0.282545
0.097876
-0.371891
-0.404303
0.351501
0.705244
-0.053311
0.911876
0.080777
-0.583649
-0.526938
0.331644
-0.266434
0.872630
-0.659558
0.891216
-0.216417
-0.144001
-0.156051
0.255726
-0.820173
-0.364006
-0.404763
0.318185
0.427786
0.886234
-0.927022
-0.075933
-0.495333
0.105384
0.325761
0.214245
-0.796740
0.953869
0.809942
0.554760
0.659114
-0.243369
0.466636
-0.260109
0.172982
0.939698
-0.928465
0.907468
0.804269
-0.591395
0.794313
-0.439156
0.217168
-0.412276
0.814296
0.417919
0.307687
-0.490376
-0.157317
-0.176377
-0.603070
-0.136889
0.629964
-0.169699
0.966127
-0.022537
-0.955454
-0.852352
-0.090406
0.854488
0.702408
-0.431292
-0.388881
0.169044
0.308464
0.772854
0.133651
0.331710
0.595193
-0.288410
0.570949
0.264326
0.373199
0.076267
-0.837750
0.499756
-0.368907
0.569531
0.901585
0.318048
-0.864523
-0.829250
-0.865340
0.743702
-0.020688
-0.942690
-0.300574
0.023858
-0.795043
0.609020
-0.121655
0.907367
-0.825462
0.454814
0.047068
0.331515
0.019343
-1.111916
-0.331353
-0.112778
0.095173
-0.203895
-0.541333
-0.446747
0.703928
-0.535388
0.817312
-0.773081
0.999203
0.807327
0.500468
-0.895665
0.956335
0.613386
0.848036
-0.064354
0.670696
-0.452538
0.959504
0.875656
-0.866887
-0.153841
0.739535
-0.772247
-0.787146
-0.388435
0.797534
0.728892
0.242904
-0.209322
-0.497313
-1.026652
0.065371
-0.084822
-0.227850
-0.023659
0.604830
-0.232696
0.292237
0.591075
-0.426845
-0.208766
0.695410
-0.470511
-0.595380
0.543446
0.465136
-0.943086
-0.926906
0.419292
0.895547
-0.666632
-0.906248
0.652428
-0.211184
-0.182630
-0.319770
-0.494649
-0.716896
0.638827
-0.028361
-0.380220
0.679716
-0.717159
0.770528
-0.435705
0.500405
0.373976
0.328632
-0.210317
-0.034949
0.901787
0.580917
-0.339540
-0.568724
0.966950
-0.824559
0.914674
-0.858664
-0.663910
0.237901
-0.924873
-0.374138
0.712175
0.720472
0.068413
-0.750029
-0.703395
0.413655
-0.974225
0.725408
-0.497999
0.115091
0.767517
0.051242
-0.106702
-0.671190
-0.451329
-0.732726
0.657442
0.338354
0.232325
0.559229
-0.097776
0.852051
1.019598
0.105617
-0.811262
0.811029
-0.110185
-0.566842
0.234800
-0.079951
-0.105287
-0.189779
-0.324964
-1.145013
-0.480991
-0.159643
0.386664
0.265882
0.018014
-0.799999
-0.551324
-0.194272
0.248272
0.341975
0.134538
0.796943
0.609249
-0.208020
0.135074
-0.170461
-0.574166
-0.759719
-0.198593
-0.624173
-0.083095
-0.054167
-0.690573
1.039318
0.278438
0.498606
-0.138500
-1.026775
-1.085811
0.257791
-0.941379
0.061227
-0.339366
0.798699
-0.478163
0.728032
0.995749
-0.029487
-0.466240
0.244021
-0.687512
0.668094
0.034770
0.907741
-0.374456
-0.625744
-0.070851
-0.174098
-0.713879
0.726164
0.412300
0.470655
-0.369873
0.630692
0.246569
0.516054
-0.437947
-1.233268
0.522470
-0.085058
0.614186
0.921333
-0.760497
-0.668131
0.718570
-0.238660
-0.940100
0.714319
0.731853
-0.406544
-0.047857
-0.969781
-0.547564
1.186044
1.179634
0.015873
-0.586727
0.060231
0.863385
-0.391938
-0.523951
-0.101292
0.874081
-0.188569
-0.847329
-0.382256
-1.029044
-0.244402
-0.299785
0.814616
0.933737
-0.626856
0.735955
-0.826760
-0.294987
0.454524
-0.065420
-0.235292
0.153407
-0.341706
0.509816
-0.633489
0.031693
0.912620
-0.369680
0.035838
-0.466268
-0.612453
0.457834
0.967489
-0.058840
0.996581
-0.184962
-0.578611
-0.916571
-0.499415
-0.012500
-0.703850
0.519377
0.746455
-0.889227
0.453114
-0.880400
0.846728
0.626354
-0.175588
0.285798
-0.471554
0.680766
-0.280983
0.536469
0.299814
-0.054984
1.092391
-0.283991
-0.320691
-0.455731
-0.176129
-0.003703
-0.844590
-0.014577
0.906701
0.653054
0.321664
-0.965405
0.845087
0.983501
0.056157
-0.860223
0.502878
-0.197387
-0.749450
-0.044008
-0.077439
-0.908349
-0.497516
0.834521
0.542892
0.499815
0.543820
1.134335
-0.441686
-0.718824
-0.659944
-0.773672
-0.107405
0.314886
-0.106859
0.832094
-0.768250
0.065422
-0.482617
0.951001
-0.398968
0.903700
0.989019
-0.556826
0.887201
0.045177
-0.417049
0.390079
0.848138
-0.179451
-0.735656
-0.264431
0.164446
0.172280
-0.202763
-0.383433
-0.771138
0.805815
-0.927644
-0.590593
-0.825909
-0.124863
-0.230456
0.038270
0.817990
0.833722
-0.253047
-0.928174
-0.377019
0.307574
-0.981295
0.219472
0.211274
-0.992276
0.662646
0.098475
0.053604
-0.767339
-0.593039
-0.167121
0.241737
0.020066
0.924938
-0.797098
0.864955
-0.873353
-0.664091
0.789824
-0.947959
-0.225668
-0.698243
-0.825342
0.161192
0.083609
0.146968
0.053611
-0.293826
0.924224
0.123424
0.323036
0.231799
0.142129
-0.457492
-0.556927
0.144991
-0.831204
0.404761
-0.813499
-0.403319
-0.760538
0.356417
0.660523
-0.039898
-0.182587
0.592545
-0.405067
-0.017889
1.057489
-0.520255
0.072736
-0.602377
-0.161376
0.150114
0.614562
0.767240
-0.650300
-0.328575
-0.529094
-0.726076
0.794848
0.793943
0.505723
-0.068588
-0.747352
0.832587
-0.905543
-0.394005
0.730272
-0.469806
0.121004
0.681758
0.469590
-0.433059
-0.564144
-0.742383
-0.806564
0.002089
0.145116
0.998878
0.598803
-0.867571
-0.645552
-0.785518
0.311827
0.973835
0.982826
0.661528
-0.354740
-0.546267
0.935452
-0.559890
-0.833867
0.360958
0.311470
-0.444740
0.499778
0.501337
0.251036
0.170776
0.884284
-0.756437
-0.566299
0.158841
-0.288687
-0.290429
0.335025
-0.164560
0.881599
-0.554302
-0.355461
0.275808
-0.426349
-0.000089
0.489357
0.885478
-0.026253
0.472183
0.547006
0.619006
0.866038
0.397226
-1.052707
-0.964050
-0.172723
0.414484
-0.113307
-0.332982
0.153743
0.971795
0.168185
-0.291380
-0.962729
0.451430
0.780122
-0.306312
-0.563877
0.113799
0.345512
-0.819054
0.556303
0.987095
0.453801
-0.870046
-0.012994
-0.056843
-0.984568
0.960753
-0.637947
0.488576
0.454246
-0.857451
-0.349256
0.489878
-0.502562
1.015723
0.202404
0.321766
-0.721300
0.921476
0.067860
0.384347
-0.307204
0.246667
0.092392
-0.569623
0.800841
0.452794
0.542734
0.143416
0.630804
0.099037
0.130511
0.084605
0.228991
-0.882483
-0.972256
0.189308
-0.981616
-0.676119
-0.310762
0.359543
-0.554287
0.647242
0.274534
0.233004
0.630286
-0.845577
-0.455374
-0.947651
-0.492854
0.767809
0.578441
-0.024052
-0.114671
-0.350818
0.404875
-0.315297
-0.899491
-0.052391
0.828120
0.731313
-0.953354
-0.041390
-0.184103
0.275617
0.076128
-0.155858
-0.473463
0.118385
0.340001
0.263548
-0.276086
-0.975543
0.063456
-0.946077
0.405401
0.005240
-0.518645
0.942116
0.101378
-0.171519
0.669898
-0.320160
0.804433
-0.444773
0.329023
0.209308
0.239931
0.429532
-0.843083
0.068050
0.160845
-0.796437
-0.973313
0.977322
0.483586
0.108614
-0.167965
1.016167
-0.721768
-0.890621
0.290415
0.071530
-0.821644
-0.495139
0.179044
0.548714
0.503824
0.660368
0.490830
-0.394798
-0.511151
0.160728
0.285042
-0.706718
0.715955
-0.385935
0.502590
-0.044114
-0.956403
0.659510
-0.976061
0.208082
0.867346
-0.946282
0.199190
0.358123
0.156040
-0.997912
0.322427
0.410695
-0.891125
-0.332286
-0.519610
-0.712757
0.172575
0.659434
0.835957
-0.323601
0.319802
0.326787
0.281600
0.808651
-0.512485
-0.433358
-0.898067
-0.796529
0.180707
0.604524
0.159357
0.224935
0.264679
0.183358
-0.567075
0.128612
0.233912
0.609951
-0.530628
-0.612642
0.611599
0.810904
0.798053
0.720474
-0.521382
-0.721557
-0.992283
0.651193
0.937877
0.843674
-0.672408
0.257679
0.170461
0.609192
0.066330
0.657976
-0.824166
0.168264
0.861447
0.356542
-0.227212
0.020804
-0.419154
-0.963182
-0.795903
0.009592
0.163919
0.438007
-0.380458
0.633291
0.825365
-0.768859
0.444195
0.623418
0.951615
0.922812
0.901860
0.959332
0.574005
0.839737
0.803005
0.901597
0.097416
-0.026534
0.510789
-0.836253
-0.368558
0.686623
0.332011
-0.507111
0.043165
-0.895202
0.513693
0.624011
-0.858383
0.717789
-0.366397
0.305536
0.155797
0.253145
-0.061173
-0.018838
0.484286
-0.616979
-0.395421
0.435901
-0.694166
-0.493560
0.395233
0.879839
-0.653823
0.198238
0.781436
0.443594
-0.828296
0.292225
0.607341
-0.196853
-0.021152
-0.060649
0.296032
-0.977990
0.044126
-0.190292
0.646005
0.185767
-0.472482
-0.722829
-0.508697
0.683314
0.532773
0.430129
-0.335524
0.017060
0.813151
0.269056
-0.547039
-0.881015
0.775495
0.848194
0.998824
-0.878328
0.042138
0.775161
0.555086
0.199759
0.037121
0.167211
-0.983996
-1.042425
-1.037189
0.124855
-1.055940
0.114685
-0.929844
0.671789
-0.676056
-0.345435
0.999001
-0.166970
-0.662268
0.531774
-0.736693
0.002355
-0.451166
-0.923543
-0.728589
0.001796
-0.802179
-0.950725
-0.158616
-0.828472
-0.807331
0.775319
0.780675
0.338326
-0.341087
-0.169360
-0.359337
-0.114711
-0.032088
-0.168578
-0.549098
0.142088
-0.844047
-0.424249
-0.109081
-0.483755
0.234773
-0.109934
0.349570
0.572652
-0.578159
0.612876
-0.424992
-0.023399
0.695255
-0.155134
0.885956
0.813148
-0.267595
-0.460560
-1.101240
-0.194898
-0.815610
-1.351463
-0.652784
0.549028
-0.401222
0.125505
-0.519623
-0.813266
-0.269881
0.448980
0.366575
-0.111552
-0.997349
-0.738316
0.411519
0.237424
0.151751
-0.238911
-0.189923
0.579517
-0.620063
0.356004
-0.405303
-0.895308
-0.669709
-0.315030
1.096832
0.303218
0.516370
-0.751035
-0.776322
-0.894396
-0.677964
0.191374
0.618292
-0.112510
-0.547903
-0.149799
0.350931
0.380074
-0.716754
-0.249190
-0.699584
-0.714102
0.012494
0.711936
0.523322
-0.833377
-0.528941
-0.581289
0.818054
-0.049497
0.286370
-0.791594
-0.254155
1.013425
-0.186092
-0.178153
0.165482
-0.648129
0.264782
0.806139
-0.751890
-0.224951
-0.862639
-1.031807
-0.860728
-0.098015
-0.051563
0.527623
-0.666004
0.231683
-0.721567
-0.365588
0.517581
0.293306
-0.635947
0.191806
0.841435
-0.126206
0.246547
0.235994
0.387197
-0.215283
0.549356
-0.412795
-0.151008
-0.504288
0.798100
-0.368615
-0.540504
-0.649751
0.388193
-0.428689
0.167339
0.595455
-0.304265
0.434095
-0.448135
0.644173
-0.038282
-0.114139
-0.124144
0.242529
0.583239
-0.385221
-0.289226
0.657759
0.229525
0.933088
-0.716607
-0.320065
0.118161
-1.029872
0.589732
0.031272
0.344436
0.530190
0.089527
-0.421328
0.066493
0.335660
-0.473882
-0.586786
0.948404
0.971187
-0.935924
-0.355861
0.405282
-0.384058
-0.711688
-0.591430
0.505258
0.061238
0.727151
-0.095739
0.478711
-1.330763
-0.438488
-0.430484
-1.079982
0.041218
0.504037
0.671168
1.402751
1.012368
1.234997
0.032909
-0.306679
-0.076457
0.105864
0.681187
-0.773275
0.904615
-0.851084
-0.824870
0.875802
-0.787008
-0.180731
0.322680
-0.208936
0.020431
0.859329
-0.417815
-0.730142
0.047903
0.306615
0.613610
-0.407252
-1.363415
-0.618361
0.584315
1.096259
-0.010822
0.007975
1.090266
-0.478116
-0.190703
-0.508505
-0.030757
0.666198
0.819416
-0.321885
0.892923
0.724031
-0.172969
-0.931947
0.636081
-0.030600
0.102400
0.216389
1.133301
0.984629
-0.617423
-1.066904
-1.370218
-0.439327
-0.299119
-1.313225
0.253050
0.693035
0.123771
-0.025662
0.934249
0.697644
0.597389
0.278301
0.854596
-0.702923
0.952815
-0.166781
0.963275
0.772232
0.511334
0.856198
0.531067
-0.616477
1.117733
0.677462
0.791999
0.090950
1.502028
0.308940
-0.899507
-1.514295
-0.087332
-0.441478
-0.403838
0.118968
0.491869
0.663941
0.113880
-0.774417
-0.695604
-0.580274
0.610451
0.680867
0.757287
0.488745
0.977944
0.710102
-0.678037
0.941219
0.526206
0.881434
0.943514
0.589372
-0.158215
1.266656
-0.563910
0.949305
-0.802607
-1.203595
-0.361354
0.107635
-0.103309
-0.353907
0.170765
0.040049
0.414328
0.575968
-0.571868
-0.944813
0.628194
-0.520536
-0.558654
0.294066
-0.839669
-0.801367
-0.217189
-0.861724
0.924917
0.092778
-0.844047
0.648276
0.559996
1.308338
-0.078279
0.548918
0.507599
-0.290324
-0.095401
-0.731570
0.010773
0.428436
0.940098
0.423806
0.900433
0.761957
0.969306
-0.071731
0.423966
-0.782355
-0.016859
0.134778
-0.302890
0.424487
-0.571156
-0.142559
0.638907
0.226897
0.060869
0.684762
-0.464255
0.625557
0.468311
1.092911
0.319154
1.125757
-0.016137
-0.157882
1.156080
0.320056
0.120181
-0.445936
-0.166638
-0.857248
0.313806
-0.833649
-1.003696
0.188547
0.128398
0.504790
0.406192
-0.888460
-0.360432
-0.896698
0.561577
0.046390
-0.087646
0.249722
-0.795869
0.723036
-0.187130
0.257504
0.459414
1.415856
1.380662
0.992246
-0.005805
-0.449640
-0.003114
0.031714
0.491504
0.149121
0.022187
0.684830
0.338152
-0.836717
0.903240
0.409513
0.351830
0.031638
-0.085697
-0.241978
0.173900
0.452980
-0.184773
-0.216331
-0.523990
0.376200
0.617307
-0.177090
0.705140
-0.234950
0.761278
-0.357512
-0.721552
0.602243
0.060773
0.372516
0.580193
0.250109
0.789995
-0.254206
-0.463444
-0.430252
-0.475259
0.916586
-0.266969
-0.572018
0.326099
-0.915139
0.422183
-0.794993
-0.356974
-0.301423
0.421677
0.099639
-0.146748
-1.073735
0.205586
0.172994
0.939452
0.654275
0.649753
-0.327937
-0.709674
0.641434
-0.900091
-0.181057
-0.283182
0.690043
-0.771482
-0.463954
-0.463040
-0.217024
0.105794
0.061701
-0.300438
0.838825
0.430985
-0.978096
0.698540
-0.209788
-0.830700
-0.594764
-0.175722
-1.472847
-0.683628
-0.162690
-0.182547
0.972474
0.733647
0.440087
0.191392
0.263621
-0.505706
0.399184
0.277862
-0.296026
-0.701551
-0.760072
-0.486215
-0.436706
-0.224026
0.050745
0.346270
0.885149
-0.881750
-1.077119
0.434506
0.383106
-1.168257
0.247671
-1.153196
-1.188964
-0.707568
-0.878641
-0.503416
-0.068339
-0.247998
-0.577811
-0.521331
-0.329803
-0.388079
-0.830976
-0.584670
0.213513
0.570627
0.893396
-0.934750
0.923191
-0.866677
-0.420965
-0.513515
-0.087321
0.635533
0.774187
-0.302921
0.338112
0.576715
-0.923728
-0.088162
0.678507
-1.230046
0.492494
-0.744092
-0.727023
0.425518
-0.900606
0.286990
-0.189322
0.309424
-0.795820
0.720066
-0.839724
-0.519130
-0.674706
0.514999
-0.895023
-0.781311
0.580249
-0.971832
-0.647987
-0.837342
-0.541324
0.168681
0.693421
-0.865500
-0.932124
0.648218
-0.933997
-0.513309
-0.292821
-0.744902
-0.619681
-0.712264
-0.774393
0.332483
-0.540295
-0.076730
-0.331613
0.658814
-0.338225
0.060723
0.536754
-0.059577
0.569858
0.862047
-0.544578
0.674835
-0.919263
-0.968996
0.698336
-0.551027
-0.703170
-0.749263
0.643212
1.377883
0.018888
0.955066
0.751465
0.209376
-0.931671
-0.836346
-0.429934
-0.081150
0.179485
0.430846
-0.682816
0.933146
-0.419917
0.052346
0.640856
0.289625
-0.885407
0.177610
-0.769952
0.684451
0.039657
-0.314530
0.359286
0.120393
-0.198615
0.148219
0.628015
0.164741
0.740797
0.636257
0.617763
1.284831
-0.074629
-0.571672
-0.405162
0.304101
-0.193619
0.603205
-0.665466
0.968772
0.034051
-0.348282
0.901918
0.614134
0.704064
0.542774
-0.096241
0.818657
-0.279616
0.133807
0.503108
0.791017
0.850253
-0.097206
-0.074870
-0.403200
0.982439
-0.465406
0.686022
0.364268
0.741123
-0.643372
0.049638
-0.325585
-0.227948
0.685708
0.978517
0.578434
0.288914
-0.686950
0.547206
-0.677035
-0.035232
0.449124
0.937099
-0.331168
-0.008101
-0.159142
-0.512511
0.712283
0.974664
0.990731
0.476248
0.799607
-0.141206
-0.646484
-0.664898
-0.221901
-0.213241
0.790870
0.982304
-0.532886
-0.852502
0.031942
0.141530
-0.080450
-0.282350
0.120047
-0.502016
-0.993436
0.433097
-0.954810
-0.670471
-0.602135
0.494314
-0.733372
0.066697
-0.513788
0.107485
0.554186
-0.801505
0.082149
0.544783
0.670818
-0.123910
-0.602225
-0.976424
0.210447
0.175450
-0.190089
0.001317
0.157754
0.277026
0.148815
-0.810304
-0.581444
-0.931634
-0.092654
0.538602
-0.433650
-0.086090
-0.028301
-0.388461
0.243439
0.369564
-0.894147
0.510066
-0.563739
-0.407935
-0.382448
0.990447
-0.209440
0.699701
0.535230
-0.538621
-0.424210
0.933005
-0.515045
0.786237
0.108455
0.294866
-0.212445
-0.733791
-0.428108
0.936370
-0.544096
-0.009552
-0.995265
0.363250
-0.470950
-0.428915
-0.722840
0.500749
0.182624
0.520599
-0.129687
0.288477
0.030665
0.306574
0.880543
0.648218
0.297022
-0.328894
0.347922
-0.167745
0.132482
0.923708
-0.236173
0.617437
0.709946
0.873712
-0.087697
-0.502500
-0.860080
0.484195
-0.566130
-0.404175
-0.525357
-0.561394
0.959075
0.003692
0.009691
-0.763839
-0.482294
-0.803854
0.761439
0.386744
0.470540
-0.207553
-0.312029
0.374416
-0.514294
1.011190
-0.961146
0.753373
-0.229572
0.154134
0.707343
0.575857
-0.246283
0.388649
0.449569
0.694659
0.914789
0.589489
0.178854
-0.651341
-0.814686
0.653112
-0.115450
-0.741370
-0.278494
1.023345
-0.111460
0.552444
1.335013
-0.734804
-0.986271
0.042752
-0.694597
-0.437587
-0.075169
0.556403
0.366247
-0.159625
0.115278
-1.021975
-0.999885
-0.148349
0.582522
-0.188889
-0.731060
0.032091
-0.494230
-0.816271
-0.379072
0.718292
-0.282661
0.093851
0.840312
1.228338
1.153611
1.727788
0.282322
0.224613
-0.277715
-0.361562
-0.025795
0.392298
0.057421
0.541320
0.492948
0.787942
0.861166
-0.886647
-0.728834
-0.100696
-0.886233
-0.700073
0.750956
0.696289
0.111038
-0.980104
-0.272272
0.700839
-0.531339
0.496243
0.497742
0.465606
0.163187
0.115764
-1.008034
0.200821
-0.206095
0.252489
-0.547712
1.056653
-0.486043
0.948731
0.991274
0.208270
-0.567718
-0.597180
-0.738556
-0.941274
-0.496732
-0.467398
-0.041970
-0.382965
-0.167471
-0.291014
-0.687061
1.107690
-0.090980
0.230861
0.821313
0.666326
0.071183
0.173658
0.976509
-0.258803
0.600360
0.840296
0.792954
-0.607583
-0.081901
-0.889355
0.759366
0.288808
-0.750261
0.432697
-0.954781
-0.690165
0.809317
-0.709870
-0.631440
-0.687415
-0.177268
0.326590
-0.070765
0.761835
-0.851266
-0.013793
0.539288
0.521473
-0.015947
0.663804
0.839543
-0.388145
-0.742074
0.733602
0.792817
0.887681
-0.343765
-0.485901
0.230758
0.887848
0.128982
0.713292
0.177799
-0.015717
-0.000239
0.189437
0.294118
-0.190922
0.479567
0.662678
0.121278
-0.653759
0.023910
-1.224073
0.904788
0.522275
0.576126
0.532156
0.731897
0.429587
-0.220561
0.706975
-0.585668
-0.295574
-0.064194
-0.055621
-1.233218
0.807786
-0.487269
1.027006
0.944609
0.339667
0.504161
0.088283
-0.676050
-0.496078
-0.722280
0.618067
0.312613
0.799166
0.157691
-0.922109
-0.760732
-0.582248
-0.347272
-1.480246
0.057221
0.404045
0.533580
0.253878
0.303369
-0.728694
-0.784428
-0.624593
-0.547082
0.300665
0.129960
0.363016
0.380041
0.455727
0.202229
0.291143
-0.204606
-0.293611
-0.620574
0.119343
0.139794
-0.391039
-0.509059
-0.967825
-0.628459
-0.707337
-0.320220
-0.858910
-1.330433
0.179117
-0.100012
1.028200
0.603094
-0.712480
-0.253264
-1.313728
-1.063727
0.021136
-0.845019
0.372680
-0.326972
0.291603
-0.335786
-0.976615
-0.252671
0.866443
0.314528
0.542723
-0.498022
0.643466
-0.500539
0.476562
-0.584417
0.449135
-0.926706
-0.607949
-0.002501
0.179580
0.403595
1.249413
0.121041
0.663585
0.006788
0.689661
0.742351
0.741946
-0.611403
-0.893835
0.206853
-0.287057
0.528776
0.853413
-0.995455
-0.807009
0.876798
-0.248125
-1.011421
0.011764
-0.851222
-0.804858
-0.256564
0.258482
-0.829381
0.074114
-0.551241
-0.352058
-0.968120
0.866719
0.999308
0.580087
0.762511
-0.216033
0.155191
-0.381999
-0.565776
-0.432872
-0.278854
0.142657
-0.083149
0.918033
0.855599
-0.554373
0.771446
0.860145
-0.497957
0.468118
-0.701359
-0.878733
-0.525221
-0.279945
-0.596167
-0.311474
0.715699
0.569539
0.129011
0.036262
0.107695
-0.013904
0.909260
-0.391263
-0.385303
0.311099
0.039258
0.011265
-0.762088
0.775600
0.944412
-0.034430
-0.081743
-0.138737
-0.116397
-0.226144
0.234947
-0.460694
-0.704225
0.298352
-1.172837
-0.630932
-1.478211
-0.467348
-1.643068
0.421140
-0.280306
-1.264085
0.994664
1.098075
-0.944860
-1.060649
-0.124420
-0.893378
-0.495248
-0.113507
0.686878
0.789595
-0.826497
0.942454
0.565195
-0.882085
-0.091976
-0.516548
-0.092765
0.524954
-0.162991
-1.546569
-1.766031
-0.451271
-1.867725
-0.956563
-0.574798
-0.644407
0.608316
-0.090651
-0.216307
-0.273465
0.118569
-1.015517
-0.538485
0.262550
-0.218172
0.356821
0.756360
0.396885
-0.621710
0.471047
0.186479
-0.448206
0.413501
-0.248326
-0.463768
-0.920237
-0.145107
-0.349343
-2.018388
-1.668076
-0.119198
-1.067685
-1.113469
-1.250035
0.081411
0.348588
-0.173516
0.078269
-0.303617
0.782150
0.517370
-1.096830
-0.503396
-0.402413
0.647943
0.215115
0.934273
0.427898
-0.388001
-0.687436
-0.101055
0.798478
-0.258372
-0.829127
-0.809323
-0.363186
-1.169101
0.196609
-0.446479
-0.522254
-0.732176
0.182904
0.354090
-0.408632
0.063991
-0.534193
-1.021824
-0.966978
0.465617
-0.082126
-0.677152
0.901706
0.099334
-0.323895
-0.664744
-0.231368
0.891219
-0.730471
-0.803470
-0.496782
-0.388004
0.251889
-0.718741
-0.231025
-0.252493
-0.192827
0.263132
-0.534722
0.115054
-0.590489
-0.161530
-0.152772
0.109201
-0.684665
0.466450
-0.686809
-0.400883
0.509401
0.024775
-0.369778
-0.258766
0.108737
-0.685334
0.862874
0.784842
-0.350078
-0.368494
0.676061
-0.028493
0.029239
-0.724257
0.141383
0.929115
-0.198570
0.470610
0.603645
0.650735
1.198597
0.371051
0.857393
-0.881478
-0.710154
0.445215
0.219101
-0.638611
-0.717937
1.097390
0.034770
-0.791243
-0.168884
0.503105
-0.027703
0.939853
0.817772
-0.164830
0.742779
-0.462561
0.724533
0.801002
0.521522
-0.254575
0.837014
0.428022
-0.164503
-0.483183
1.042790
0.710975
0.351730
0.782788
0.313459
0.261134
0.661585
0.072031
-0.653020
0.363390
0.435035
-0.273825
0.169706
-0.685386
-0.070422
-0.999179
0.817719
0.901875
0.958758
0.655262
-0.082015
1.165084
-0.114681
-0.589795
0.131295
0.830751
-0.127969
0.149977
-0.091487
0.132998
-0.043847
-0.463653
-0.517876
-0.705459
1.010390
0.508164
0.521891
0.939394
-0.634373
0.729879
0.068589
0.618189
-0.576960
-0.761706
0.932803
0.352618
-0.760885
0.770678
0.373824
-0.543687
0.760993
1.490382
1.160707
0.890356
-0.835300
0.177041
0.145229
-0.055029
0.294734
-0.089643
0.109949
-0.633310
0.625506
0.670349
-0.523635
0.649514
-0.042660
0.846897
0.393201
0.140514
0.543776
-0.538210
-0.241297
0.966817
-0.299916
-0.308543
0.319386
-0.080789
-0.640333
-0.560556
0.259642
0.943344
-0.260674
0.229065
0.784463
0.248709
1.200119
-0.162243
0.792140
0.536632
0.654254
-0.135236
0.697479
0.229562
-0.458586
-0.936908
-0.215299
0.407343
0.893496
-0.822098
-0.452144
0.437273
-0.360308
0.306559
0.404090
0.339776
0.996033
-0.268484
-0.591309
-0.274417
0.536137
0.620975
-0.274925
1.183299
-0.348484
0.634690
-0.328931
-0.762460
0.882147
-0.921935
0.670410
0.537462
-0.057171
0.367889
-0.232975
0.484243
0.430981
0.551726
-0.108414
0.324477
0.729628
0.439443
-0.238250
-0.618210
-0.241528
-0.736477
0.809501
-0.161042
-0.033046
1.031679
0.380502
-0.643949
0.424740
0.452300
-0.950263
0.748146
0.037678
-0.326616
0.985686
-0.080174
-0.248551
0.656096
-0.542712
0.694277
0.023985
0.224312
0.178521
-0.545035
-0.223962
-0.929893
0.779442
-0.494334
0.509549
-0.441969
-0.108109
-0.695155
-0.243662
-0.399438
0.015743
0.596740
-0.427504
-0.816218
0.783214
0.958188
0.636082
0.832951
0.706334
-0.326239
-0.493665
0.692020
0.593586
0.257783
0.348116
-0.949126
-0.047939
-0.627899
0.275187
-0.869419
-0.172934
-0.948775
-0.799312
-0.393492
-0.443109
0.710238
0.147701
0.431878
0.965789
0.854733
-0.984040
-0.034591
0.451130
-0.411887
0.149191
0.234344
-0.453699
-0.214727
0.067295
-0.747364
0.459034
0.573630
0.944656
0.052621
-0.168587
0.292772
0.103495
0.783474
0.664873
-0.621319
0.914055
-0.508061
-0.570094
-0.885257
0.098447
-0.013202
0.824981
-0.753852
-0.581324
0.790770
-0.899119
-0.565364
-0.243821
0.552011
0.022749
0.905370
-0.213645
0.569051
-0.309357
0.853650
0.821687
-0.850322
0.427280
0.766342
0.202298
-0.741307
0.059114
-0.694207
-0.957833
-0.276013
-0.315526
0.956222
0.215925
0.114380
-0.860670
-0.617263
-0.825598
0.911015
-0.424411
-0.480146
0.686717
-0.338596
-0.045510
-0.557105
-0.786587
0.977239
-0.651735
-0.000232
0.546290
0.038909
-0.146582
0.367977
0.188586
-0.719302
0.134319
-0.609116
-0.468321
-0.810147
-0.332122
-0.447830
-0.159372
0.351879
-0.488932
-0.878053
-0.517080
-0.480342
-0.573484
-0.388154
-0.495500
0.008110
0.116601
-0.808591
0.669640
-0.928788
-0.365537
0.883053
-0.951707
-0.017430
-0.117179
0.594584
-0.978522
0.736239
-0.037438
0.209987
-0.999932
-0.862004
0.591637
-0.518599
-0.773305
-0.676486
0.006246
0.170279
0.693680
0.644487
0.370601
-0.811084
-0.794780
0.777457
-0.228997
-0.210740
-0.202806
0.887740
-0.019486
-0.533325
0.958634
0.614818
-0.650272
-0.993072
-0.402612
0.238108
0.607070
-0.394460
-0.056280
-0.445684
0.767546
-0.047971
-0.470798
0.376884
0.664795
0.067821
0.827948
-0.392612
-0.959338
0.404757
-0.680244
0.326544
0.522427
-0.366445
0.288854
-0.648393
0.429126
-0.914091
-0.760813
-0.590360
-0.447415
-0.802178
-0.975541
-0.092128
-0.791250
-0.393289
-0.757875
0.862577
0.302077
0.155875
-0.614493
0.048671
-0.853722
0.089242
-0.374477
0.629038
0.890315
-0.764749
-0.573343
-0.891648
0.525754
-0.340538
0.641595
0.213900
0.307004
-0.069502
0.565506
-0.263870
0.016408
0.804694
0.145771
0.568994
-0.999896
0.215346
-0.424590
-0.636241
0.881934
-0.436557
-0.928442
0.116744
0.807575
-0.483260
-0.845979
0.969358
0.453452
-0.349679
0.458591
0.590788
-0.179075
0.736687
0.539223
-0.537703
-0.591011
0.180861
0.676196
0.715993
-0.888641
0.241703
-0.547877
0.127768
0.099195
0.657018
-0.168286
0.054061
-0.348561
0.165473
0.249259
-0.388581
0.854331
0.351458
0.644936
0.562380
0.689002
0.573114
0.135111
0.273819
-0.656032
-0.217997
-0.533600
0.126367
-0.544109
-0.994369
0.588662
-0.135120
0.186492
0.264858
-0.419127
0.297853
-0.440483
0.178011
-0.505126
0.578305
-0.428723
0.109935
-0.438564
0.377010
-0.636532
0.975789
0.942839
-0.855210
0.149826
0.389322
0.370723
-0.198879
0.330350
-0.089076
0.850373
0.545003
0.545867
-0.683592
-0.328633
-0.998242
-0.677961
-0.739970
-0.133362
0.508533
0.595137
0.596966
-0.154768
-0.902583
-0.646148
0.149299
0.395157
0.095307
-0.599004
-0.760933
-0.494078
-0.372113
-0.999664
-0.751967
-0.449870
0.191002
-0.823321
-0.663371
0.959603
0.269447
0.090205
0.803395
-0.185553
-0.363929
-0.880197
0.485815
-0.362171
-0.502945
0.833996
0.598718
1.021540
0.327162
-0.000868
-0.329753
0.188900
0.362643
1.160391
0.078246
-0.227307
-0.537858
-0.013781
-0.196101
-0.097689
0.131606
0.663681
0.781502
-0.622012
0.545742
0.955667
-0.757363
-0.184818
0.045872
-0.953967
0.629629
0.681943
-0.778663
0.203868
-0.586063
-0.325469
-0.038392
0.907917
-0.312023
-0.955178
-0.237120
0.355576
0.511759
-0.692431
0.266830
-0.846665
-0.259077
0.660688
0.500830
0.962779
-0.270792
-0.400412
0.330793
-0.667909
-0.199905
-0.123476
-0.712242
0.042733
0.691706
0.333629
0.144266
0.411627
0.109730
0.323300
-0.422213
0.486018
0.858714
0.342735
0.137933
-0.575718
0.357706
0.838734
0.457194
-0.194813
-0.791494
0.080247
0.139730
0.066046
-0.220042
-0.332741
-0.296037
0.320041
0.089577
-0.965256
0.652132
0.889673
-0.088732
0.939890
-0.012092
-0.306486
0.368288
-0.894587
1.121535
-0.601022
0.393715
-0.665049
0.500285
0.122902
0.659561
-0.246910
0.309029
-0.110837
-0.332163
0.348925
0.977369
0.004520
-0.574768
0.226809
0.773714
0.017617
0.717364
-0.534640
-0.662342
-0.193059
-0.499895
0.989790
-0.247881
0.500049
1.020058
0.748223
-0.859169
0.331822
0.744101
0.884370
0.357318
-0.101154
-0.816568
0.138156
-0.936382
0.944445
0.854494
0.587016
0.005394
-0.231706
0.014302
0.089052
0.497195
0.248139
-0.859677
0.246289
-0.734244
0.857687
0.711649
-0.396586
-0.279850
-0.699160
-0.313241
0.393693
0.887480
-0.355555
0.109014
0.580277
0.608775
-0.437059
0.453031
0.353383
0.660268
0.909355
-0.722400
0.573559
0.845616
-0.627809
0.325512
-0.032633
-0.144976
-0.831256
0.884638
-0.658704
0.416883
-0.975040
0.587585
0.682639
0.882651
0.388430
-0.579890
-0.403486
0.784409
0.080753
0.960588
0.077117
0.310933
-0.105330
-0.171121
0.265698
0.640199
-0.542203
-0.583560
0.177087
-0.767591
-0.186212
-0.192000
-0.926989
-0.083848
0.988899
-0.058670
0.773954
-0.842357
-0.174032
-0.884750
0.574526
-0.149253
0.777098
0.341013
-0.259968
0.137043
0.699856
0.275879
-0.534310
-0.570236
0.110508
0.597179
0.960598
-0.834443
-0.532916
-0.032267
0.709675
-0.214024
0.421087
-0.143395
0.005791
0.981143
0.469097
0.048480
-0.101318
0.457996
0.989811
-0.327364
0.615639
-0.184411
-0.162274
0.283002
0.715949
-0.535972
-0.351052
-0.565116
0.473814
0.945436
0.671169
-0.958112
-0.454885
-0.060298
0.680180
-0.782094
0.067399
-0.856666
0.322723
-0.297041
-0.161575
-0.510068
0.319055
0.828370
-0.528933
-0.211848
-0.123150
0.369750
-0.753852
-0.133338
-0.968588
0.916998
0.658594
-0.173994
0.183021
0.481604
0.293668
0.531588
0.770145
-0.129855
0.660652
0.449873
-0.226816
1.030993
-0.529811
-0.392344
-0.745988
0.255368
-0.455550
0.330989
0.845752
0.382735
0.820917
0.164807
0.211105
-0.708016
0.952958
-0.913595
0.641216
-0.807176
-0.025694
0.693221
-0.866690
-0.222410
-0.329801
0.301748
1.061703
0.964265
-0.229794
0.772756
-0.165521
-0.743304
0.292992
0.643936
-0.856601
0.462420
0.961475
-0.854677
-0.273007
-0.494062
0.476311
-0.427255
0.888673
0.297228
0.737551
0.099777
0.570295
0.673135
0.049666
0.067270
0.519579
-0.909364
-0.056384
0.917718
-0.446907
0.297565
-0.016492
-0.251416
0.361577
0.623044
-0.472194
-0.968293
0.822874
0.662471
0.502846
0.782275
0.134722
0.464326
0.927597
0.861715
0.970264
0.403908
-0.565540
0.858935
-0.323001
-0.878992
-0.141363
-0.803661
0.694451
-1.068419
0.385634
0.809984
-0.722976
-0.497933
0.719432
0.003540
1.007583
-0.255310
0.805597
0.346310
-0.533789
-0.670011
0.344702
-0.781042
-0.997486
-0.152454
-0.998767
0.137237
-0.688128
0.928830
-0.001048
-0.720370
0.330231
0.436464
-0.858847
-0.940955
0.570956
0.112124
-0.639018
0.460483
0.303197
0.855281
0.187243
0.590150
-0.665394
-0.080072
-0.399544
-0.652293
0.688753
-0.562945
0.678381
-0.869742
-0.227881
0.023083
-0.650784
-0.225367
0.870629
-0.649552
0.911870
-0.817499
-0.720722
-0.089178
-0.535995
0.611112
-0.653350
-0.398866
0.651063
0.941112
0.607390
0.944254
0.358314
-0.053280
0.835651
-0.362310
-0.513230
-0.802483
0.560430
0.090009
-0.454776
0.249183
0.527064
-0.776395
0.379441
-0.700817
0.246688
0.728657
0.073816
0.117317
-0.920895
-0.014323
0.299809
-0.651998
0.886097
0.764304
0.970008
-0.762899
-0.654151
0.595455
-0.842547
-0.924336
0.586404
0.608002
0.027400
0.422037
-0.754307
0.514171
0.619554
0.806123
-0.395820
-0.835222
0.055306
-0.868756
-0.611617
-0.565253
-0.569574
0.635071
-0.836597
0.504242
-0.247613
-0.757518
-0.510110
-0.947723
-0.399501
-0.616869
0.813703
-0.428710
-0.372825
-0.813176
-0.812420
-0.182426
-0.737512
0.773984
-0.574423
0.289888
0.196021
-0.328730
-0.195941
-0.184424
-0.522608
0.408238
-0.019647
0.532698
0.539482
0.368736
0.967445
0.969908
0.003807
-0.869151
0.474150
0.756195
-0.626643
0.964077
0.808399
-0.025751
-0.649488
0.625058
0.545540
-0.022313
0.811882
0.733120
0.795262
-0.925630
0.507104
-0.779161
0.364258
-0.296875
-0.107892
-0.831683
0.518701
0.369501
0.576555
-0.500946
-0.097801
0.116037
0.867791
-0.130356
0.085945
-0.128402
0.000493
-0.439906
-0.372207
0.373850
-0.475829
-0.563808
-0.651901
-0.125317
-0.938749
0.893639
0.852370
0.873133
0.626759
0.647632
0.947503
0.133863
0.868470
0.311761
0.836989
-0.239422
0.480078
0.355690
-0.869921
0.056633
0.854744
0.032278
-0.827331
0.722535
0.901922
0.258614
-0.403183
-0.094901
0.821377
0.220004
-0.725657
-0.657121
0.658118
-0.384476
0.217562
0.719369
-0.481996
0.069932
0.592502
-0.855237
-0.282437
0.540005
0.278626
-0.413967
-0.148234
0.115615
0.346612
-0.668156
-0.529979
0.413814
0.184793
-0.881618
-0.708401
0.346373
-1.166330
-0.827717
-0.477486
-0.634089
0.064488
-0.448867
0.710040
0.458642
-0.027036
0.522761
-0.786063
-0.801590
0.241631
-0.268059
0.268841
-0.165368
-0.123296
0.986404
-0.625363
-0.844670
-0.427565
0.267671
0.249011
0.672545
0.280874
0.403289
0.242125
0.250500
-0.780920
0.865536
-0.678466
-1.283131
-0.979377
0.199904
-0.378252
0.381022
0.807147
-0.417091
0.217979
-0.053056
-0.853000
0.432415
0.146353
0.389131
-0.835644
-0.584807
-0.776237
0.045755
-0.591919
-0.294820
0.233913
-0.158608
0.622791
0.144065
0.749354
0.812104
-0.571073
-0.718623
-0.886177
-0.994970
-0.901103
-0.070697
-0.711909
-0.086603
-0.622013
0.215417
-0.903037
-0.917844
0.778600
0.356518
0.078813
0.925601
-0.211067
-0.774835
0.314731
-0.042016
-0.222818
0.734079
1.124574
-0.165882
-0.350350
0.836725
-0.711387
0.870515
0.481407
-0.321266
-0.080303
0.371557
-0.200757
0.310146
-0.713338
0.616186
0.052819
-0.081814
0.929720
-0.323227
0.694667
-0.961393
-0.191193
0.473268
0.395124
0.887620
0.398868
-0.815946
-0.758028
-0.098144
0.135493
-0.565923
-0.339544
0.379115
0.612668
-0.492858
-0.371794
0.453053
-0.921291
0.490834
-0.090937
0.376858
0.748146
0.874775
0.765236
1.280289
0.360150
0.867279
-0.465978
0.210070
-0.440443
-0.771311
0.248677
0.368363
0.701957
-0.356202
0.395287
0.236807
-0.315447
0.508528
0.814981
0.761698
-1.175715
-0.861147
-0.053682
0.468271
-0.846936
-0.020701
0.365466
-0.488700
0.187111
-0.396047
-0.177216
0.581830
-0.571721
0.866070
0.241736
0.675840
0.753695
0.775758
-0.114090
-0.686748
-0.995553
-0.865416
0.679138
0.496934
-0.463279
0.008246
-0.250151
0.294502
-1.098071
-0.721095
0.357683
-0.612542
-0.607622
-0.769054
-0.933090
-0.231274
-0.943090
-0.411385
1.183718
0.699629
-0.533559
-0.554015
-0.264444
-0.111999
-0.676933
0.977292
-0.436159
-0.923237
0.753049
0.433897
-0.558622
0.449926
0.161872
-0.817545
0.396921
-0.851181
-0.113210
-0.969409
0.886796
0.163620
-0.257555
-0.101958
0.530430
0.297974
-0.812032
-0.474893
0.013129
-0.574007
-0.904896
-0.340337
0.783999
-0.315782
0.125994
-0.480445
0.572218
0.449061
-0.503154
-0.881105
0.530168
-0.951358
0.239562
1.044046
-0.761575
0.306984
1.342729
1.276185
0.927225
0.335252
0.662854
0.003254
-0.837863
-0.891025
0.302070
-0.817132
-0.602424
0.025856
-0.942835
-0.073383
0.547509
-0.692115
0.615301
0.331508
-0.007898
-0.258705
0.851063
-0.452980
-0.825715
-0.809534
-0.612738
0.263366
-0.333624
-0.555318
1.374664
0.914962
1.541406
1.291045
-0.525710
0.122604
-0.568053
0.268704
-0.807000
-0.576400
-0.782221
0.269376
-0.141791
-0.348019
-0.215624
0.129976
0.611083
-0.668114
0.437861
0.226384
0.663394
-0.573872
0.931101
0.285835
-0.390295
-1.252851
0.708427
0.787108
1.621748
0.590392
1.871695
1.168970
0.628951
0.710513
0.155596
-0.249307
-1.026815
-0.270163
-0.467605
-0.379330
-0.509205
0.394050
-0.549206
0.655035
-0.914817
0.235170
-0.214989
0.696266
0.567056
-0.778578
-0.144459
0.005072
-0.405161
-0.428415
-0.681315
0.508163
0.540205
0.525578
1.017515
0.616241
0.859374
0.818819
-0.191184
-1.002548
-0.613553
0.001602
-0.133124
-0.086722
0.272542
-0.786076
-0.896303
0.966829
0.650354
-0.445509
0.621864
0.735537
0.789661
-0.583316
0.472246
0.184410
-0.327431
-0.762828
-0.627905
-0.341636
0.451513
0.474151
-0.148867
-0.411760
1.365611
-0.067972
1.005208
0.387079
0.931298
0.435113
0.027335
-0.896997
0.224720
-0.597327
0.540179
-0.504498
-0.350252
0.643875
-0.537669
-0.699898
-0.801634
-0.905996
-0.884281
1.018596
-0.341703
0.279950
-0.247680
-0.613625
0.188367
0.111436
-1.584766
-0.548388
0.099806
0.881875
1.220012
1.110743
1.040483
-0.220782
-0.939479
0.165504
-0.748148
0.272778
0.552640
0.419134
0.764038
0.092818
0.914637
-0.586214
-0.263306
-0.596720
-0.143417
0.111551
-0.151397
-0.113457
-0.493677
-0.648537
-1.640455
-1.718740
-1.714844
-1.307506
-0.773237
-0.127180
0.822558
1.181317
1.089774
-0.240514
-0.101812
0.517446
0.099087
-0.178922
-0.387195
0.260982
-0.773057
-0.834555
-0.319884
0.990980
0.258263
-0.321410
-0.545691
1.215735
0.462514
0.358308
-0.297387
0.050540
-0.080097
-0.073107
-1.493967
-1.338066
-0.943039
-0.120079
-0.348658
-0.311795
0.276762
0.682361
1.256451
-0.074652
0.842094
-0.539254
-0.841753
-0.264158
0.328669
-0.228948
0.996823
0.555612
-0.063503
-0.278565
0.829856
-0.472883
0.810378
1.466383
-0.744253
-0.931240
-0.379192
-0.545539
-0.265375
-0.443971
0.069852
-0.621985
0.562694
0.391885
-0.173002
0.706178
0.842983
0.753208
-0.541960
0.208125
-0.801700
-0.928137
0.650323
-0.643453
-0.192295
-0.021008
0.127599
-0.174482
-0.222255
-0.425699
0.782575
-0.437371
-0.798814
-0.720911
-1.225757
-0.820233
-0.442045
-0.307082
0.339996
-0.144305
-0.521864
-0.318336
-0.226531
0.357548
0.794665
0.508901
-0.708388
0.058604
-0.292001
-0.411595
-0.751793
-0.093701
-0.339732
0.898530
0.290742
0.555312
0.115205
-0.274766
-0.213605
0.791354
-0.470407
0.409108
0.010642
-0.690975
-1.121950
0.095471
-0.003053
0.501061
-0.465058
-0.489514
-0.784726
-0.253464
0.563896
-0.066180
0.789371
-0.108513
-0.835340
0.944794
0.955683
-0.127341
-0.466801
-0.796110
0.806854
0.221360
-0.727143
0.283057
0.223348
0.105489
0.958703
-0.274925
-1.091991
0.128853
-0.793654
0.280938
-0.792763
-0.087317
0.113918
0.146082
-0.439819
-1.232243
-0.430329
-0.113231
-0.305907
0.749008
0.786110
-0.557744
-0.329825
0.950770
-0.612950
-0.374143
-0.176572
-0.051854
-0.161097
-0.254106
-0.711140
0.077389
0.892745
0.058357
1.077100
-0.329458
0.460827
-0.997890
-0.125597
-0.642116
-1.101917
0.017321
0.130939
0.275312
0.319194
-0.715166
0.626399
0.803824
0.166040
-0.650490
0.581847
-0.047851
-0.208234
-0.747978
-0.097081
0.176868
-0.124069
0.780125
-0.750738
0.881872
-0.263095
-0.451338
0.078184
0.657713
-0.283338
-0.709455
-0.544885
-0.884722
-0.322160
-1.136127
0.095107
0.045661
0.576000
-0.313940
-0.353489
-0.098432
-0.023183
-0.712915
-0.280432
-0.857144
-0.363405
-0.698585
0.095005
0.428361
-0.446563
0.997924
-0.411103
0.416972
0.658374
-0.419450
0.030533
-1.231831
-0.467916
0.454164
-1.373933
0.736084
-0.713047
0.075287
-0.396006
0.186727
0.087873
0.698024
-0.767612
-0.336127
-0.615916
-0.121101
0.565441
0.360901
0.165984
-0.714991
0.503757
0.802579
-0.413575
-0.401244
0.230933
0.133256
-0.412415
0.815251
-0.463887
-0.725491
-0.568527
0.640666
-0.640407
0.463387
0.488859
-0.600111
0.370350
0.819501
0.475175
0.974344
0.006228
-0.436951
0.672367
0.238616
0.226922
-0.943549
-0.882486
-0.207637
0.417352
0.283498
0.077373
-0.078891
0.086077
0.663494
0.519464
-0.683087
-0.196708
-0.883706
-0.844862
0.374837
-0.562485
-0.300504
0.084959
-0.188523
-0.837117
-0.426183
0.211366
0.533234
-0.606682
-0.313459
0.507578
0.399546
0.249590
0.179945
-0.361838
-0.523488
0.236396
-0.244324
0.268875
-0.346252
-0.960826
-0.653752
0.574857
0.125251
-0.989955
0.094728
0.442268
-0.186296
0.211285
0.597403
-0.811459
0.648800
-0.703101
0.273500
-0.539723
-0.540218
0.847317
0.671643
0.993016
-0.759365
-0.641816
0.500593
0.640181
0.607774
-0.319462
-0.721657
-0.915714
0.916935
0.034019
0.353162
-0.429317
0.073193
0.699409
-0.854460
-0.801556
0.709454
0.240267
0.640713
-0.476842
-0.548448
0.238115
-0.288300
-0.899648
0.535014
0.985200
-0.439371
0.994796
0.832517
-0.767727
0.987811
-0.926848
-0.409543
0.488405
0.713333
-0.801769
-0.831057
0.991676
-0.717482
-0.914122
0.025695
0.635679
-0.343440
-0.901971
0.334230
-0.177511
-0.680451
0.066760
-0.957632
0.938045
0.567389
-0.506080
0.176160
-0.720599
-0.405728
-0.288826
-0.735400
0.154902
-0.294030
-0.902883
0.387174
-0.306219
-0.829731
0.977631
-0.817814
0.881813
-0.828380
-0.649021
0.880268
-0.537703
-0.560259
-0.048878
-0.870040
0.138548
-0.023980
0.307230
0.711688
0.153694
-0.554134
0.922137
0.235238
-0.958607
-0.631239
-0.651796
-0.679206
0.026226
0.122571
-0.414606
-0.818872
0.828541
-0.317489
0.568428
-0.439395
-0.112433
0.580645
-0.211681
-0.133158
0.990468
0.559413
0.125412
-0.569998
0.316479
0.367027
-0.946243
-0.766286
-0.533319
0.711297
-0.526132
0.784751
-0.886117
-0.643284
0.044926
-0.781531
-0.148136
0.456323
-0.460738
0.878090
-0.421106
0.124782
-0.929373
-0.545608
0.859970
0.753393
0.549987
0.509378
0.911537
0.636619
-0.030124
-0.785695
-1.302355
-1.426873
-0.224650
-0.819235
0.644008
0.453358
-0.134572
-0.876760
0.074371
0.250624
0.842809
0.230124
0.670537
-0.112265
0.448592
-0.477599
-0.655942
0.987980
-0.590903
-0.137160
0.152616
-0.050610
0.912842
0.398728
-0.725142
-0.931769
0.431153
-0.024619
0.632457
-0.293658
-0.836784
-0.859280
-0.183012
0.194002
-0.220039
-0.482650
-0.506649
0.425008
-0.462305
0.634074
-0.213771
-0.619496
-0.135802
-0.543235
0.268239
-0.687084
0.001903
0.635661
-0.397013
0.753890
-0.206401
1.006765
1.015739
0.625318
-0.991069
0.674345
-0.966285
0.583723
0.482920
-0.911746
-0.306542
0.130762
-0.325864
0.896889
-0.528324
0.260752
-0.623066
0.155610
-0.093054
-0.085371
-0.210316
0.693174
0.295134
0.654008
-0.789521
-0.235231
1.545729
0.371463
-0.212362
-0.262656
-0.150455
-0.497828
0.489567
-0.934438
-0.352992
-1.001412
-0.740694
-0.043309
0.884520
0.173060
0.188816
-0.000802
-0.295727
0.216422
-0.313465
0.379814
-0.301642
0.063469
-0.464576
0.605304
0.978098
0.325234
0.385895
0.492726
0.377918
0.824768
1.306066
0.342219
-0.347202
-1.109089
-0.015713
-0.261608
-0.602562
-0.456802
0.650583
0.697757
0.223147
0.705991
-0.677750
0.014717
0.039114
-0.385989
0.646693
0.976389
-0.948383
-0.666771
0.356203
-0.250025
0.396698
0.896338
-0.558832
0.507051
0.300375
1.010495
0.154342
-0.615982
0.017633
-0.697944
-0.111725
0.666330
-0.540918
-0.488963
0.383099
0.920944
0.766036
-0.516831
-0.236594
-0.698171
0.773476
-0.588656
-0.012903
0.080709
0.246540
-0.366209
0.057098
0.298157
-0.032981
-0.582326
-0.882202
-0.515111
-0.596759
-0.251165
0.744214
0.298594
-0.759936
-0.489534
0.624602
0.153755
0.421788
-0.019149
0.049587
0.945595
0.492053
0.832482
-0.322204
-0.420874
0.779895
0.108043
-0.384453
0.714987
0.629978
0.602644
-0.204304
-0.123482
-0.763565
0.856676
-0.787136
0.251572
-0.779824
-0.759240
0.244892
-0.595032
-0.296813
0.253400
-0.646917
-0.065165
1.044062
0.780795
0.532583
-0.268309
-0.163163
-0.381136
0.814234
0.918792
-0.708078
-0.480327
-0.657035
-0.907762
0.627716
-0.041488
0.807225
0.257694
-0.438844
-0.362709
-0.860088
-0.274178
-0.684802
-0.860446
-1.351079
-0.514483
-0.609377
0.799360
0.919556
0.659559
0.309491
0.514563
0.627957
-0.384038
0.382325
0.573222
-0.066389
0.890007
-0.674384
0.060978
0.746433
-0.347390
0.580687
-0.910602
-0.255151
0.208403
0.047909
-0.496966
-0.581597
0.283103
-0.664383
-0.811386
-1.150302
0.099657
-0.403600
-0.202989
-0.143293
0.871523
1.428332
1.219834
0.180932
0.285196
-0.142464
-0.633898
0.127667
-0.893479
-0.994407
-0.565147
-0.929115
-0.510046
0.606485
0.817317
0.142564
0.187172
0.906715
0.841924
-0.668433
-0.452706
-1.480217
-0.446723
-0.734364
0.235332
0.518601
0.238793
0.346488
-0.400791
1.050750
1.066729
1.309159
1.156537
0.002514
-0.574660
-0.869713
-0.953854
-0.242559
0.521306
-0.619639
-0.024860
-0.834804
-0.548754
0.465093
0.771681
-0.731437
-0.437832
-0.236175
-1.464599
-1.149476
-0.316694
-0.187137
-0.249404
-0.626239
0.690790
-0.525020
0.831952
0.214943
1.221861
-0.662563
-0.486746
-0.067592
1.025117
0.088268
-0.457922
-0.824134
0.501303
-0.391106
0.123207
0.219457
-0.010745
-0.901653
0.384653
0.440501
0.472714
-0.006699
0.014166
-1.484176
-1.378254
-0.081565
-0.901892
0.359923
-0.220365
0.678625
0.965159
0.248752
-0.439687
-0.179955
0.097649
0.325037
0.520270
0.581756
0.193231
0.174131
-0.288682
0.570895
0.546606
-0.590557
-0.820211
-0.330187
0.628900
0.169044
-0.333739
-0.186176
-0.766289
-1.089558
-1.152290
-1.686328
-1.243232
-1.180673
-1.119811
-0.084541
0.389318
0.123650
-0.338511
0.006051
0.863845
-0.299938
-0.154676
0.470199
-0.112603
-0.883324
-0.387824
0.899250
0.491658
0.520282
0.470146
0.038264
0.929726
0.649935
0.710749
0.611217
-0.343398
-0.375094
-0.013621
-0.358982
-0.508884
-0.316159
0.202421
-0.196001
-0.278918
0.775777
-1.039617
-0.392129
0.674569
0.126134
-0.356034
0.270621
-0.774626
-0.069198
-0.709273
-0.088327
0.243710
0.099692
-0.189077
-0.264632
-0.380025
-0.718931
0.785955
-0.345268
0.965348
0.702940
-0.314429
-0.359073
0.183576
-0.216211
-0.633720
-0.063829
0.600753
0.544191
-0.758348
-0.346373
1.212511
-0.858161
0.774709
0.205061
0.860671
0.356242
-0.963080
0.953030
-0.519780
-0.475564
-0.135297
0.723930
0.624129
0.675624
-0.544977
-0.686431
1.022897
-0.675787
0.144266
1.208667
0.158933
-0.446150
-0.433497
0.964605
0.623303
0.011565
-0.383146
0.063921
-0.614318
-0.208658
0.532600
-0.312962
0.120912
-0.423279
0.549958
-0.124931
-0.859773
0.795865
-0.171901
-0.379553
-0.679699
0.692800
-0.655500
0.958569
0.437780
0.099380
-0.382914
1.229426
0.061684
-0.455187
-0.104171
-0.454435
0.452290
0.172813
-1.084812
-0.182530
-0.693728
-0.420588
-0.507266
0.369792
0.308410
0.815893
-1.084530
-0.552780
-0.386331
0.686613
0.322288
-0.246104
0.482478
-0.849612
0.374341
0.831426
0.955719
1.006960
1.222911
0.516397
-0.008724
1.299266
-0.348811
0.633962
0.000087
0.870528
-1.123830
-0.665040
0.045153
-0.693394
-0.700319
-0.681872
0.633634
-0.258906
0.675266
-0.026923
-0.330831
0.701327
0.420297
0.282838
0.387939
-0.257415
-0.961370
-0.127687
-0.099776
0.453442
-0.068027
0.219949
0.648419
0.152742
1.063611
1.114097
-0.346016
-0.620644
0.010150
0.046489
-0.809378
0.510311
-0.923232
0.834145
-0.744516
-0.653585
-0.899105
0.851717
0.088366
0.776159
-0.175207
0.757535
0.477486
-0.754910
0.040372
-0.134575
-0.012325
0.090569
0.780177
1.102388
-0.278089
-0.097848
-0.133747
0.956980
-0.108723
-0.251003
0.393374
0.228268
0.049112
-0.518634
-0.540190
0.283194
-0.997205
-0.463422
0.117339
-0.741721
-0.117007
0.218234
-0.890005
0.971359
-0.005607
-0.065211
0.728894
-0.528122
0.178786
-0.231826
0.336067
-0.831354
0.846261
0.072882
-0.937211
-0.631019
0.516235
-0.282187
0.952538
-0.688376
0.229602
0.222713
0.497211
-0.721286
0.704079
0.957021
0.561908
0.706874
-0.506401
-0.320754
0.965153
0.376592
0.897480
-0.924852
0.347951
-0.108128
0.009937
0.076845
0.363669
-0.807875
0.846558
-0.298554
-0.638736
0.696665
0.773729
-0.594899
-0.972962
0.256381
0.070582
0.979576
0.568005
-0.699816
0.202288
0.065216
-0.421103
-0.093633
0.022237
-0.859195
-0.386759
0.515837
-0.179949
-0.421606
-0.107571
-0.282469
-0.346458
-0.759620
0.609404
0.663478
0.317225
-0.026846
0.853294
0.163336
0.674208
-0.789337
-0.144182
0.448406
-0.383766
-0.117144
-0.295213
0.686816
-0.137568
-0.727208
0.987000
-0.935280
0.338009
-0.434102
-0.028912
-0.639754
-0.293297
0.584329
0.876083
0.526754
-0.837277
-0.231488
-0.755715
-0.183736
0.008892
0.853689
-0.520258
-0.673883
-0.173157
-0.666964
0.489453
-0.498949
-0.456300
-0.654729
0.949457
0.159934
0.228127
-0.345756
-0.153250
-0.909441
-0.072964
-0.166250
-0.844720
-0.734955
0.399647
0.126368
-0.374709
-0.893650
-0.289303
-0.498626
0.633104
-0.126581
0.269886
0.877389
0.689683
-0.723108
0.729192
-0.833211
-0.397698
-0.444673
-0.497538
-0.905652
0.058971
0.046162
-0.560381
0.008429
-0.793905
0.667746
0.662672
0.052845
0.758305
-0.410291
0.886595
0.913585
-0.145246
0.286243
0.039953
0.480151
0.392712
0.750760
0.981536
0.046099
-0.351465
0.177096
-0.235440
-0.966183
-0.050821
-0.932505
-0.942188
-1.064637
0.189402
-0.012825
-0.770673
-0.748944
-0.968307
-0.331162
0.259485
-0.762103
-0.663308
-0.077843
0.290742
-0.905002
0.511866
0.207628
-0.955871
-0.597715
-0.523668
0.122881
0.931359
1.126996
0.059956
0.946502
-0.196378
0.509077
-0.001211
0.361650
0.208915
-0.784288
-0.740277
-0.838422
-0.292063
0.611095
0.205714
-0.026225
0.862259
0.237623
0.642721
0.121744
0.475520
0.979413
-0.925807
-0.200171
-0.811057
0.880716
1.339285
-0.329040
1.402032
0.067553
-0.028654
0.773812
-0.618581
0.770732
0.334951
-0.462905
-0.477411
-0.875990
-0.479157
-0.007105
0.181146
0.300838
0.239206
-0.969561
-0.039506
-0.483023
0.004214
-0.177247
0.754600
-0.353065
0.974788
0.364710
-0.158691
1.257040
1.569427
0.378098
0.994839
1.079225
-0.249310
0.049891
-1.728950
-0.083701
-0.525915
-0.309896
0.809349
-0.366364
0.445312
0.284080
0.494972
-0.297780
-0.708934
-0.204749
-0.964807
0.602088
-0.174310
-0.004313
-0.880935
0.829905
0.848731
1.048977
-0.295579
1.115410
0.604818
0.577152
0.974573
0.120718
0.556574
-0.579264
-0.844890
-0.597377
-0.297506
0.687141
-0.271765
1.209429
1.091861
-0.253771
0.033898
0.903288
0.550469
-0.660342
-0.560559
0.839866
0.134909
-0.525367
0.441954
0.960599
0.500611
0.752564
1.057258
0.759289
0.816305
-0.228665
0.375472
-0.383915
-0.123752
-0.674296
-0.014031
0.311010
-0.497390
0.209983
0.985279
0.610373
-0.275115
-0.368870
0.278636
-0.739879
-0.365448
0.688644
0.817430
-0.836944
-0.971698
-0.743129
-0.997078
0.163211
-0.238204
0.671351
0.539058
-0.250961
-0.208725
-0.030931
0.985046
-0.188185
-0.108093
-0.754646
-0.596647
-0.041493
1.141819
0.668022
1.495076
1.528104
0.738744
1.127161
-0.142174
0.571434
0.774417
0.162676
0.426419
-0.631889
-0.148680
0.243850
-0.468834
-0.120378
0.524669
-0.297505
-0.689112
-0.751236
0.677430
-0.168975
-0.230755
0.295005
-1.374240
0.361644
-0.373707
0.391533
0.355561
0.621084
1.856787
2.095634
1.226611
1.282697
0.724580
-0.435019
0.031820
0.560497
0.681131
-0.215710
-0.276827
0.107550
0.152401
0.574493
-0.624693
0.843854
-0.347298
0.446813
-1.565263
-0.811336
-0.646470
-0.592912
0.721876
-1.312115
-1.000123
0.480583
-0.054834
0.636202
1.079285
0.918860
1.140731
0.465302
-0.012219
-0.756389
-0.635245
0.978231
-0.647857
0.393729
0.538728
-0.966727
-0.821981
-0.738099
0.164731
0.555446
0.806122
-0.197160
-1.003587
-1.543474
-0.297530
0.067950
-0.497285
-0.308131
-0.692596
-0.982723
1.247029
0.033201
-0.691875
-0.273148
0.683212
0.602866
0.688795
-0.600654
-0.973679
-0.977785
-0.738418
-0.611855
-0.999554
-0.386276
0.781875
0.539175
-0.328616
1.062390
0.585793
-0.029123
-1.120806
-0.619063
-0.576235
-0.803773
0.505792
-0.699035
0.319774
-0.356148
-0.877825
-0.895684
-0.491506
-1.154272
0.462241
0.387232
-0.390822
-0.118558
-0.385190
0.690323
0.018645
-0.410447
0.712538
0.280226
-0.022302
0.712984
0.912404
-0.157315
-0.014805
-1.113826
-1.188159
-0.986178
-1.133142
-0.712114
-0.037972
0.832594
-0.487628
-0.130013
-0.281745
0.650798
-0.441176
-1.179244
-0.316441
-0.797158
-0.623643
-0.437272
0.912790
-0.323287
0.178799
-0.572483
-0.632965
-0.802557
0.017070
-0.920427
0.431428
1.089868
0.717681
0.060414
-0.634511
-0.157640
0.947365
0.868894
-0.295857
-0.753766
0.679183
0.037100
1.099359
0.658225
0.203234
-1.100378
0.615350
-0.425922
-0.521182
-0.396162
0.347034
-0.343923
-0.149857
0.104746
0.332789
-0.971058
0.532263
0.699824
-0.803023
-0.366681
0.909048
0.895991
-0.326156
0.991689
0.432698
0.527271
-0.637816
-0.630843
-0.961345
-0.285458
0.060157
-1.018473
0.387011
-0.101717
-1.023309
-0.348295
0.139043
0.934669
0.834806
0.532728
-0.836834
-0.105862
-0.811195
0.013309
0.998884
0.521594
0.001003
0.662318
0.427105
0.893542
-0.103800
1.019535
0.378305
-0.087495
-1.107780
-1.757293
0.373124
-0.135128
-0.214221
-0.701190
0.775243
-0.709901
0.079669
0.437348
0.380829
0.248665
-0.549020
-0.490977
-0.294158
0.970023
-0.958249
-0.130992
-0.135839
-0.769444
0.830129
-0.034099
1.179899
0.286823
0.162775
0.693791
-0.440182
-0.327977
0.501307
-0.515948
-0.554175
-0.887558
0.080201
-0.192778
0.713257
-0.967362
0.860888
0.543575
-0.574175
-0.159866
0.103064
0.863002
0.673290
0.365937
-0.627975
-0.620868
0.335960
-0.586224
0.170146
-0.564080
0.105760
0.368563
0.658015
0.176581
-0.579816
0.312725
0.274117
-1.331957
0.209271
0.192306
-0.135276
-0.527483
0.660036
-0.432894
-0.608404
0.422144
0.083925
0.907277
0.323910
0.396329
-0.560216
-0.683180
0.259331
-0.886926
0.682757
0.631356
-0.510527
0.293989
-0.505144
1.083807
0.851027
0.156130
0.359692
-0.274157
0.217383
-0.113660
0.453300
-0.613609
-0.148379
0.557970
0.569733
-0.291629
-0.125932
0.264829
0.483680
-0.079080
0.375193
-0.904185
-0.472637
-0.410969
0.492144
-0.032853
-0.094149
-0.296746
0.099268
-0.127084
-0.349034
0.932958
0.765374
-0.146601
0.430049
0.433597
0.321052
-0.833597
-0.208254
-0.576370
0.125082
-0.623694
-0.437956
-0.594795
-0.466757
-0.577776
-0.048374
0.332526
-0.846664
-0.911830
0.977848
0.472017
-0.816015
-0.494789
-0.938953
0.627908
0.455021
0.234866
-0.166891
0.040249
0.522598
-0.067345
-0.828027
0.201206
-0.027831
0.477072
1.107771
-0.588630
0.286725
-0.436795
-0.642574
-0.526695
0.523251
0.184302
0.080663
-0.490105
0.679887
0.885792
0.685215
0.830188
0.973962
0.663063
0.302205
-0.842053
-0.879354
0.267331
0.956731
0.915333
-0.260522
-0.594856
-0.240424
1.615532
0.650865
-0.072587
0.416115
-0.408201
0.772120
0.493835
-0.445030
0.044584
-0.919337
0.251416
-0.840531
-0.904812
-0.554517
0.122242
-0.457059
-0.877533
0.008034
-0.771845
0.952656
-0.018004
0.901869
0.265511
0.096210
-0.955156
-0.384009
-0.471986
0.126786
-0.444549
0.147143
1.209141
0.072707
-0.631137
-1.158244
0.316151
-0.654617
1.110067
-0.080112
0.284645
0.344858
0.054528
-0.489826
0.452922
0.133857
-0.045728
-0.424836
0.676797
0.076739
0.583197
0.904953
0.029395
-0.434806
0.758414
-0.773768
0.400154
0.583122
-0.275952
-0.421183
0.774339
1.153273
1.088896
0.475004
-0.371756
-0.777339
0.660662
-0.433042
-0.159025
0.628192
0.486846
-0.874379
-0.026949
-0.458626
-0.364205
-0.574027
0.675231
0.590067
0.001136
0.352028
-0.333194
-0.410200
0.262447
0.704229
0.157877
0.072234
1.042978
-0.030178
0.125087
0.059311
0.640199
-0.535402
-0.266546
0.448673
0.913715
0.418004
0.671334
0.574377
0.984963
-0.487691
0.202569
0.471809
-0.362070
-0.824381
-0.986817
0.273724
-0.398408
0.688414
-0.136209
0.602728
0.040442
0.532558
-0.810669
-0.695649
0.265345
0.384838
0.361024
0.209799
-0.806201
-0.740614
-0.909924
0.725074
-0.276016
-0.176470
0.173747
-0.362301
-0.758466
-0.154919
-0.787925
-0.773503
0.357390
0.414644
0.698305
0.995320
0.590263
0.711488
0.269044
-0.808145
0.399901
-0.867165
0.794583
-0.559657
0.663432
0.981645
-0.262235
-0.109770
0.318234
-0.911661
-0.902517
0.509487
-0.652275
-0.812441
0.234561
0.071709
0.011089
-0.591692
0.709407
0.252623
0.253389
0.921483
0.479119
-0.389221
0.336127
0.177424
-0.393901
-0.073610
-0.111088
0.875143
0.118245
-0.711186
-0.992021
-0.087171
-0.270843
0.671411
-0.105526
0.466922
-0.438359
-0.787293
0.555261
-0.340876
0.722194
0.902985
-0.153317
-0.043246
-0.025306
0.857771
0.365062
-0.315899
0.110394
-0.381549
-0.394416
-0.410487
0.229230
0.941711
0.766937
0.835329
-0.131899
-0.344150
0.710472
0.986346
-0.080600
0.693187
-0.128409
0.669132
0.385174
0.793649
0.140742
0.953749
-0.993644
-0.303997
-0.389374
0.728550
-0.401011
0.457309
-0.314695
0.573683
0.315080
-0.949633
-0.742216
-0.574526
-0.331182
-0.136632
0.014818
0.897879
-0.236604
-0.260487
0.673713
0.577343
0.337278
0.335728
0.540035
-0.537856
0.284868
-0.220118
-0.701008
-0.382255
-0.646485
0.197000
-0.496335
-0.639792
0.894504
0.114291
-0.912743
-0.508009
-0.428400
-0.227438
-0.934326
0.886681
-0.167391
-0.695693
-0.707165
0.402866
0.058165
-0.038804
-0.265824
0.470109
-1.471176
-0.462517
0.209659
0.072187
-0.676672
0.255174
0.803072
0.737270
0.925787
0.999673
-0.717016
-0.762833
0.182533
-0.214852
-0.405628
0.075536
0.899439
-0.318371
0.567527
-0.519279
0.461023
0.611360
-0.728198
-1.019758
0.222384
-0.948826
0.252468
0.053872
1.051971
0.316299
0.182811
-1.013855
-0.359404
-0.146478
0.511765
-0.067178
-0.969766
0.612954
-0.405505
-0.989106
0.567729
-0.140346
-0.755931
-0.249738
0.644802
-0.161559
0.825798
0.553922
0.535538
0.387504
-0.993120
-0.709255
-0.686908
-0.890745
0.426985
0.247605
0.326625
-0.183888
-1.566470
-0.232677
-0.953210
0.463478
0.388725
-0.361878
-0.993660
-0.291663
0.341964
-0.804730
-0.618913
0.887758
-0.803968
0.948817
-0.252587
-0.559899
-0.300921
-0.598105
0.294879
-0.442581
0.844512
-0.650944
0.639695
1.020076
1.093324
0.548264
-0.460555
-0.378945
0.401180
0.118164
-1.437459
-1.085306
-0.320429
-0.506915
0.264311
0.406341
-0.352176
0.386827
-0.647639
0.993732
0.566811
-0.266552
0.881490
0.762844
-0.317735
-0.361416
-0.740792
0.412306
-0.108720
0.146224
0.672506
-0.076592
-0.188947
1.399220
-0.057658
-1.232586
-0.489636
-0.249551
-0.219350
-0.604049
-0.458657
0.372865
-0.319016
-0.041902
0.327920
-0.922917
-0.437378
-0.970712
0.447469
-0.085017
-0.976981
0.014280
0.648431
0.914191
-0.061984
-0.559942
-0.432553
-0.187363
0.615015
0.808698
0.385960
1.027343
-0.291757
-0.602667
-0.101317
-0.194918
-0.656916
-1.329893
-0.564857
0.882591
-0.227604
0.230442
-0.017107
0.669331
-0.733744
-0.661257
0.728821
-0.171122
-0.631969
0.176289
0.743861
-0.599873
-0.693082
0.459156
-0.623260
-0.181431
0.636538
0.557120
1.625893
1.083049
-0.402094
-0.784683
-0.468897
-0.490771
-0.346671
-0.785196
-0.840622
0.886632
-0.456565
0.012216
0.910945
0.674677
-0.770429
-0.188924
0.277230
-0.504172
0.149819
0.006051
0.324706
0.565717
-0.678228
0.097073
0.928190
-0.777994
-0.003211
-0.330376
0.896607
-0.138775
0.630246
0.209222
0.136226
0.301947
0.265128
-0.647934
-0.715123
-0.329338
-0.344676
-0.344357
-0.089335
0.910419
0.602020
-0.388255
0.492640
0.831591
0.422821
-0.230130
-0.672581
-0.373975
0.968624
0.586538
-1.002136
0.704116
0.207924
1.327314
-0.339355
0.671127
-0.216184
0.832463
0.194677
0.192961
0.012663
-0.076278
-0.115276
-0.520672
0.373362
0.014999
0.688664
-0.138180
0.596314
-0.699246
-0.299474
0.198334
-0.087501
-0.806835
0.029925
-0.577452
0.117154
0.379798
-0.244505
-0.722811
0.427066
0.139825
0.133147
1.141695
0.577919
0.212455
-0.386860
0.311274
-0.165045
-0.478713
-0.389857
0.560793
0.029119
0.197532
-0.503425
0.014906
-0.940037
0.824609
0.742409
0.656277
-0.874637
-0.557065
-0.145389
0.050647
-0.241330
0.899200
0.370554
0.461356
0.443994
-0.414758
-0.265999
-0.031917
0.645547
0.162891
0.680310
-0.747675
-1.117183
-0.200287
0.665786
-0.222589
0.281436
1.107842
-0.357480
-0.466647
0.011319
-0.257719
0.349535
0.071282
-0.433111
0.091944
-0.272441
-0.335591
0.636570
0.581565
0.747457
-0.838368
0.637151
0.516182
1.140309
-0.323566
0.117727
-1.126338
-0.399638
-0.580631
-0.049746
-0.032436
0.145991
0.302162
1.049104
-0.381198
1.126270
0.108666
-0.661271
-0.604782
0.436686
0.350049
0.137498
-0.213778
-0.578669
0.671201
0.882233
0.143926
-0.354089
0.415145
-0.108625
-0.446123
0.469878
-1.125368
-0.609436
-0.569503
-0.917513
-0.753176
0.163603
0.940395
0.889520
-0.111158
0.127815
-0.572059
0.980136
-0.195757
-0.359384
0.784124
0.647352
-0.020655
-0.820658
0.084038
-0.670606
0.290727
0.867008
-0.328705
0.112049
0.911968
1.228710
0.569983
0.022112
-1.020103
-0.320463
-1.256964
-0.813533
-0.373729
-0.961312
0.743542
0.678212
0.517871
0.786276
-0.256774
-0.688881
-0.470464
-0.112307
0.980896
0.051170
0.528309
0.765020
-0.301479
-0.492345
0.830918
0.621366
-0.286630
0.123681
0.856862
0.912196
-0.372769
0.463645
0.362524
0.354395
-0.890156
-1.193036
0.274045
0.159342
-0.025822
-0.761081
0.751028
-0.113077
0.473504
0.037719
-0.712839
-0.923560
0.137655
-0.308833
-0.035867
0.118551
0.742337
-0.507558
-0.191415
-0.689072
-0.012379
-0.256609
-0.521571
1.184281
-0.441248
1.112243
0.718937
-0.854235
-0.144565
-0.537778
-0.897401
0.473137
0.114594
0.682629
0.222304
1.167151
0.488177
-0.373734
-0.337041
-0.254880
0.526066
-0.059459
-0.178440
-0.336279
0.631708
0.785692
0.782913
0.307752
-0.818934
-0.344991
0.676923
0.579845
0.906538
-0.681363
0.382977
0.376911
0.407188
-1.108648
0.617336
-0.311018
0.597342
-0.507986
0.403537
-0.236524
0.535489
-0.785060
-0.530471
-0.320518
-0.263124
0.118014
0.424601
-0.737058
-0.941445
-0.753833
-0.067138
0.641553
-1.091674
-0.376823
-0.030821
-0.280207
0.949979
0.423553
0.901471
-0.212389
-0.382047
-1.072709
-1.213835
-0.320979
0.615909
-0.478117
-0.658798
-0.090638
-0.510701
0.083002
0.187102
0.775382
0.236977
0.639305
-0.545136
0.973853
-0.242681
0.879471
-0.757230
-0.193660
-0.997785
-0.291254
-1.052742
-0.861711
0.622541
0.751770
-0.023669
0.258552
-0.649204
-1.338722
-1.023083
0.303454
-0.515691
-0.141232
-0.652755
-0.967538
-0.017196
-0.758371
-0.292698
0.405389
0.279733
0.879122
0.180771
-0.483290
0.518427
0.635635
-0.513143
-0.758979
0.376953
-0.428481
-0.449413
0.049406
0.751831
0.450905
0.813771
0.835164
0.111261
-0.784137
0.198194
0.460895
-0.508849
0.097929
-0.103164
0.115865
0.704441
0.185223
0.083809
-0.333595
0.407688
0.783471
-0.928206
-0.312579
0.662593
0.252565
0.203621
0.180509
-0.123844
0.528641
0.193203
-0.661011
-0.656396
-0.323914
-0.764132
-0.283861
-0.635191
1.112211
-0.633476
0.485216
-0.816389
0.119244
-0.067805
-0.570735
-0.787450
0.917231
0.509904
0.905835
0.101533
-0.406286
-0.427760
-0.490779
-0.622815
-0.355966
0.196642
-0.960222
0.896599
-0.676259
0.162360
-0.242541
-0.907904
-0.347982
0.164833
-0.604848
0.228865
0.191834
-0.170102
0.371882
0.074357
-0.093545
-0.313566
0.182262
0.992905
0.618629
0.611527
-0.794545
0.535860
0.121431
-0.888710
-0.362607
0.715145
-0.316470
0.146614
-0.907670
0.327720
-0.656588
-0.852062
0.241472
-0.248072
0.368433
-0.969681
-0.145142
-0.966832
0.175379
0.357014
0.256417
-0.570817
-0.812604
-0.371491
0.503540
0.093851
0.314942
-0.314198
0.086756
-0.066429
-0.702671
0.292211
-0.530569
0.418760
0.403501
0.106824
0.133905
-0.912969
-0.746562
0.227510
0.415887
-0.403248
0.358916
-0.360838
0.340733
-0.288751
-0.352281
-0.819780
-0.258283
0.844777
0.537234
0.998134
-0.726040
0.724630
-0.373358
0.777500
-0.181519
0.941585
-0.536698
0.905238
-0.124844
-0.239370
0.197449
0.344587
-0.820610
-0.399050
-0.548589
0.313295
-0.312019
-0.295152
-0.460469
-0.897424
0.301542
0.897874
-0.258667
-0.357734
-0.390877
0.389051
-0.177514
0.350839
0.233827
-0.640281
0.348973
0.507787
-0.915651
0.975615
0.285287
-0.097170
0.917200
0.748588
-0.191932
-0.207644
-0.490781
-0.994484
-0.863057
-0.311391
-0.393534
-0.411647
-0.998096
0.294447
0.293201
-0.458565
0.397023
-0.405256
-0.560691
-0.861644
0.237009
0.048432
0.527406
-0.940505
-0.600729
-0.238767
-0.580786
0.748244
-0.730980
-0.496437
0.723859
0.554307
0.406393
0.641059
0.302895
-0.785539
-0.566585
0.812114
-0.780023
-0.429643
-0.499277
-0.173557
0.158669
-0.497414
-0.879156
-0.551224
0.040927
0.517913
0.046655
0.498397
0.656269
-0.716335
-0.468197
0.183675
-0.656840
-0.068926
0.944908
-0.237627
-0.320682
-0.786071
0.265936
-0.596823
0.768235
-0.327671
-0.940057
0.087118
-0.087076
-0.496105
-0.015480
0.209436
0.057468
0.351921
0.942571
-0.847706
0.764166
-1.019879
-0.333116
-0.023930
0.583714
0.705285
-0.585971
0.235007
0.995673
-0.054168
-0.588041
-0.667890
0.876907
-0.643133
0.094483
-0.443775
-0.415197
-0.625575
-0.000505
-0.495154
0.076378
0.048952
0.491527
0.695650
0.256329
-0.701260
0.202246
-0.296926
0.554574
-0.113344
-0.534221
0.580305
0.068459
0.437146
-0.498650
-0.407644
0.099931
-0.091344
0.813917
0.088881
0.854488
-0.774124
0.420991
0.746471
-0.400384
-0.443468
-0.655967
-0.030987
0.012665
0.189681
0.285011
1.015692
-0.724897
0.013859
0.918543
0.673117
0.679592
0.065509
-0.371806
0.018732
0.808451
0.094129
-0.474387
-0.150606
-0.608090
-0.067891
0.413256
0.491842
0.840764
0.227173
-0.419277
0.710328
0.463367
-0.965730
0.465456
-0.957957
-0.889223
0.721900
0.182673
0.460824
0.369259
-0.236247
0.284828
0.423909
0.858285
0.776549
0.333148
0.034660
0.924288
0.252583
0.740896
0.798394
-0.797586
-0.908234
-0.373983
-0.405675
0.023875
-0.960727
-0.913834
-0.121354
0.272877
-0.231462
-0.350707
-0.421585
-0.706805
0.906825
-0.176528
0.685530
0.784902
0.665894
-0.649408
-0.370526
-0.449291
1.018514
1.169728
-0.809262
-0.025714
-0.225984
-0.041784
-0.003959
-0.976905
-0.353795
-0.206720
-0.774491
-0.262030
0.419297
-0.180166
0.775852
0.479239
0.022166
-0.214750
-0.424345
0.561309
0.215720
0.449474
-0.473738
-0.192249
-1.115084
0.138661
-0.420142
-1.031154
-0.613480
0.604683
-0.231980
1.022402
0.371702
-0.071983
-0.094898
-0.772196
0.973998
0.892127
-0.749101
-0.379797
-0.314593
-0.523592
0.372181
-0.804756
0.444115
0.384488
0.387039
-0.557303
1.046585
-0.282709
0.696965
-0.420684
-0.421339
-1.971011
-1.778424
0.190004
-0.068744
-0.025990
-0.824848
0.507555
-0.436973
-0.127075
0.344663
0.925181
0.830011
-0.765958
-0.847015
0.804009
-0.873831
-0.596116
-0.528530
-0.102243
0.117013
1.022752
0.028465
-0.304596
0.242475
-0.335778
-0.472561
-0.705591
-0.926552
-1.696673
-0.059040
-1.282296
-0.952623
1.070798
-0.345219
0.693433
-0.297999
-0.409166
0.066353
0.182406
0.358171
-0.598708
0.107587
0.188182
-0.364666
0.260572
0.047054
-0.138512
0.841275
0.694831
0.706104
-0.088974
0.191529
-0.383993
-0.095596
-0.990055
-0.192546
-0.223661
-0.897822
-0.247337
0.389649
-0.173580
-0.511522
0.527384
-0.839578
-0.223447
0.040906
-0.313467
0.180865
-0.896580
0.868939
-0.460964
-0.495288
-0.023474
0.785248
0.290649
-0.566584
-0.178051
1.372891
1.440140
-0.804421
0.466057
-0.720243
-0.189421
0.399013
-0.274629
-0.061477
-0.068846
-0.351229
-0.245536
0.101876
0.730239
-0.346189
0.048978
-0.051387
-0.462788
0.577675
0.985040
0.223746
-0.241459
-0.911540
0.092685
0.356030
-0.249093
-0.715112
0.235621
1.430162
-0.016885
0.820248
0.418417
-0.989212
0.741322
-0.060540
-1.102631
-0.195328
0.159144
1.504209
0.562231
-0.348855
-0.639855
0.009601
-0.180047
0.650670
0.354045
0.582985
-0.442875
0.891257
0.160660
-0.457835
0.115003
0.933052
-0.215683
-0.720271
0.231417
0.674826
-0.156565
-0.519869
-0.254567
-0.338748
0.576677
-0.561024
-0.585224
0.374977
0.535273
0.821524
0.656996
0.373389
0.797337
0.907438
-0.099099
0.417167
-0.432916
0.456782
-0.032589
0.921129
0.039767
0.524536
0.812387
-0.774379
-0.801622
-0.074971
-0.864758
-0.079214
0.617333
0.713785
1.198859
0.348563
-0.238188
-0.332121
0.742881
0.407781
0.025383
-0.477922
0.641817
0.627538
-0.397466
-0.293883
1.076834
0.565744
-0.759256
-0.273491
-0.145119
-0.192172
-0.816709
0.822293
-0.271043
0.247838
0.404436
-0.668542
0.090489
0.436842
0.904507
0.864067
-0.236600
0.060525
-0.235089
-1.071410
-1.328851
-0.574681
-0.510959
-1.369398
-1.041572
-0.225221
0.126634
0.652921
0.673994
0.074853
0.960737
0.496808
-0.472804
-0.798519
-0.776683
0.382077
0.009309
-0.579391
0.194558
0.426742
0.018223
-0.823564
-0.945894
-0.062981
1.034996
0.759247
-0.859031
-1.442014
-1.227820
0.240952
-1.199173
-1.190355
0.746019
-0.214359
-0.524379
1.038539
0.473884
0.183178
0.405327
-0.051129
-0.795165
0.366063
-0.554321
-0.267969
0.567544
-0.317342
-0.856049
-0.662151
-0.473147
0.065076
-0.825820
-0.281373
0.875947
-0.522100
0.229667
0.220475
-1.443940
-0.886949
0.558327
-0.609619
0.932326
-0.854860
0.272511
0.991861
0.055025
0.448547
0.718291
-0.567030
-0.381805
0.123618
0.381841
-0.176970
-0.510319
0.825862
0.516402
-1.177210
-0.754077
0.284377
-0.227318
0.866479
0.340494
-0.041274
-1.074037
-0.577966
0.017218
-1.097979
-0.830699
0.739394
-0.560783
-0.252746
-0.066528
-0.632586
-0.352589
0.651865
0.984736
0.654521
0.087458
0.703027
-0.912509
0.705653
-0.173355
0.470932
-0.479710
0.218375
0.178508
-0.720012
1.036791
1.410035
1.312210
-0.458161
0.283089
-0.088896
-0.141177
0.832814
0.291692
-0.392268
0.762149
-0.358663
-0.211772
-0.843368
-0.107056
-0.023540
-0.709830
0.510610
-0.384640
-0.725094
0.165131
0.702818
0.977936
0.261595
0.318776
-0.030134
-0.058957
1.103496
-0.196493
-0.272438
-0.522473
0.894879
1.400869
1.236089
0.628193
-0.141393
-0.696624
-0.653334
-0.109892
-0.613108
0.149836
-0.475857
-0.601717
0.348716
-0.431587
0.293195
-0.682615
-0.141417
-0.196194
-0.067256
0.133491
0.982946
-0.445156
0.214334
0.501238
-1.062395
0.819278
0.865479
0.777802
-0.701002
1.174341
-0.872108
0.507674
0.584045
0.540008
-0.174427
0.161212
-0.500040
0.596849
0.752769
-0.599550
-0.546666
-0.728103
-0.195626
0.799444
-0.159690
-0.902431
-0.883171
0.698893
-0.098623
-0.032777
-0.190394
0.162082
0.870576
0.807822
-0.917022
0.525379
0.728111
-0.941064
0.404185
0.496402
0.657993
0.357569
0.771476
1.067072
0.640196
-0.475744
-0.212882
0.762520
0.955206
-0.502993
-0.818900
-0.594065
-0.231096
-0.014526
-0.794621
0.609213
0.079597
-0.681239
0.352643
1.097756
0.419419
-0.540171
0.123659
0.377966
-0.736614
-0.104244
-0.295486
0.683581
0.038526
-0.515041
0.909485
0.069710
-0.791124
0.268902
-0.248129
0.697205
0.730439
0.476202
0.475794
0.684342
0.973209
0.656893
-0.909723
-0.257887
-0.357633
-0.704345
-0.648674
0.733943
-0.360495
0.624709
0.617692
0.837674
0.680918
-0.485815
-0.064046
0.777355
0.512289
0.837043
0.828317
-0.506857
-0.670916
0.669136
0.472827
-0.462040
-0.061962
-0.775302
-0.764835
-0.331523
0.700899
0.710958
-0.647181
0.674108
0.367851
-0.556904
-0.631125
-1.037128
-0.354920
-0.330060
0.600879
0.204761
-0.654084
0.355850
0.316994
-0.777054
-0.989985
-0.607182
-0.888886
0.521174
-0.774538
0.939430
-0.985683
-0.445454
0.608566
0.487144
0.092506
-0.453396
0.711842
0.327670
0.215081
0.412741
0.038628
0.567900
0.086850
-0.593520
-0.989032
0.503791
-0.635866
-0.303050
-0.729466
-0.847753
-0.893660
-0.302425
0.597783
0.452619
-0.075504
0.607797
0.845437
0.035610
0.128971
-0.929101
-0.024960
0.143289
-0.374555
-0.416394
-0.074481
-0.068369
-0.201791
-0.131987
-0.140031
-0.112740
0.094336
-0.880805
-0.068329
-0.156959
-0.562891
-0.195060
-0.274998
0.423194
-3.590462
-1.114638
-0.332988
-1.251494
-0.403237
-3.207279
-3.067158
2.060466
2.560621
0.674734
1.065635
1.569979
0.484401
-0.323337
-3.011779
1.920046
-1.131148
-3.215723
1.028506
-2.891481
-1.757643
-2.377267
1.160650
-1.992037
1.058298
-0.618868
-2.639033
0.970290
-2.491505
-3.762760
0.547682
1.910645
-2.241324
2.449383
-1.720455
-1.052260
-0.251453
-0.946354
-2.692378
2.532341
-1.628790
3.508104
0.159303
1.456622
-2.640582
-2.324213
2.400917
-1.952893
1.274048
0.291507
1.746704
-1.612230
-0.135816
0.280545
-2.729452
-1.927770
-1.985452
-2.376015
-2.032254
1.202925
-1.529398
-0.296433
-0.816067
3.028764
-2.527406
1.656708
0.689427
-3.576660
1.359238
1.754514
-1.868918
-0.714022
1.668587
1.402964
-2.316724
-3.012769
-0.248815
-0.237088
-2.560540
-3.174729
1.551329
0.343783
-0.930538
2.289484
-1.499166
0.404059
3.098824
1.794766
-2.369464
-1.782655
-0.002839
1.170462
-0.379738
-2.460369
-1.867147
-0.047836
0.985249
-0.954422
-2.045508
-4.875075
-2.545762
2.167280
2.116710
1.993701
1.407238
-0.181698
-0.766968
-2.005858
-3.120368
0.199919
2.064273
-3.130861
-1.145306
-0.590820
2.605856
-0.876433
-3.034759
1.423656
-0.883325
-1.956005
-2.980241
-2.713381
-1.308762
-3.023023
-1.639273
-2.827578
-2.870897
-1.237753
