0.680375
-0.211234
0.566198
0.596880
0.823295
-0.604897
-0.329554
0.536459
-0.444451
0.107940
-0.045206
0.257742
-0.270431
0.026802
0.904459
0.832390
0.271423
0.434594
-0.716795
0.213938
-0.967399
-0.514226
-0.725537
0.608354
-0.686642
-0.198111
-0.740419
-0.782382
0.997849
-0.563486
0.025865
0.678224
0.225280
-0.407937
0.275105
0.048574
-0.012834
0.945550
-0.414966
0.542715
0.053490
0.539828
-0.199543
0.783059
-0.433371
-0.295083
0.615449
0.838053
-0.860489
0.898654
0.051991
-0.827888
-0.615572
0.326454
0.780465
-0.302214
-0.871657
-0.959954
-0.084597
-0.873808
-0.523440
0.941268
0.804416
0.701840
-0.466669
0.079521
-0.249586
0.520497
0.025071
0.335670
0.063435
-0.918096
-0.120842
0.867553
0.861620
0.441905
-0.460327
0.477069
0.279958
-0.291903
0.375723
-0.668052
-0.119791
0.760150
0.658402
-0.339326
-0.542064
0.786745
-0.299280
0.373340
0.912937
0.177049
0.322487
0.716649
-0.119919
0.859656
-0.181266
0.655082
0.381830
0.856684
-0.033479
-0.526575
0.830178
0.708557
-0.788840
0.759258
0.282161
-0.136093
0.229126
-0.447948
0.572004
-0.385084
-0.105933
-0.547787
-0.624934
-0.447531
0.112888
-0.167000
-0.660808
0.820221
-0.780925
-0.742385
0.089435
0.508770
0.965710
0.918383
0.548378
0.065680
0.945696
0.029408
-0.253041
-0.425646
0.148002
-0.515839
-0.704957
0.454230
-0.759117
0.586941
-0.671796
0.490143
-0.850940
0.900208
-0.894941
0.043127
-0.647569
-0.536639
0.584309
0.423553
0.250587
0.773301
0.122827
0.254308
-1.067401
-0.864451
0.006208
-0.664749
-0.524870
-0.153914
0.232695
0.614923
0.042824
0.414965
-0.946392
-0.686592
1.000340
-0.591343
0.779911
-0.749063
0.995598
-0.891885
0.741080
-0.855342
-0.991667
0.834216
0.133205
-0.765625
-0.904497
-0.370794
0.530948
0.211652
-0.464341
-0.025189
0.219952
0.001724
0.670531
-0.561467
0.333537
0.443150
-0.529406
0.842797
0.056484
0.762328
0.504848
0.257820
-0.929158
0.495606
0.666477
0.850753
0.746543
0.662075
0.958866
0.439151
0.707918
0.760397
0.057398
-0.266916
-0.917854
0.365899
0.516776
-0.784796
0.289720
-0.436590
0.239688
-0.415129
0.533717
-0.390813
-0.486424
-0.726966
-0.936052
0.280196
-0.540529
0.302264
0.021372
0.942931
-0.439916
0.092214
0.438537
-0.773439
-0.057035
0.136184
0.807001
-0.405468
-0.720196
0.251511
-0.448274
-1.152176
-0.369027
0.327656
0.898145
-0.586519
0.285544
0.074982
-0.025429
-0.371080
0.202001
-0.879749
0.107494
-0.941063
-0.160300
0.391968
0.347873
0.275280
-0.305768
-0.630755
0.218212
0.254316
0.461457
-0.399687
0.309308
-0.904475
0.493169
0.033566
0.043912
-0.545455
0.166690
-0.589136
-0.209928
0.744806
0.298630
-0.771039
-0.655650
-0.323900
-0.005969
0.002636
0.166500
-0.444952
0.563267
-0.423241
-0.340716
-0.620498
0.968726
-0.992843
0.654782
-0.337042
-0.618000
-0.170830
0.821490
0.605233
0.265659
0.183868
-0.831306
0.316835
-0.032472
0.685953
0.948354
0.743270
0.623945
-0.509164
0.590882
-0.043246
-0.648114
0.633957
0.679764
0.686459
-0.000326
0.152399
-0.674487
-0.452178
0.729158
-0.015202
-0.072676
0.697884
-0.002523
-0.432435
-0.723527
0.139505
0.188230
-0.908438
0.181808
-0.049607
0.563363
0.279418
-0.731182
-0.703533
-0.130607
-0.761713
-0.584122
-0.387158
-0.623530
0.694298
0.718394
0.173183
0.667811
0.636255
-0.007851
-0.330057
-0.211346
0.317662
0.217766
-0.482188
-0.692185
-0.913508
-0.837097
0.239422
-0.386540
-0.356877
-0.441109
-1.003016
-0.470913
0.523176
0.043948
-0.565614
0.174720
0.653307
0.026341
-0.943615
0.455887
0.040359
-0.043890
-0.628154
0.109276
-0.147601
0.659878
-0.211223
-0.511346
-0.347973
0.458720
0.277308
0.949642
-0.362088
0.712950
-0.736349
0.005246
-0.913050
0.461937
0.131871
-0.814456
-1.160016
0.510543
0.366649
-1.005210
0.042837
0.904604
0.051929
-0.969036
-0.261477
0.635625
-0.838269
-0.852645
-0.234208
-0.396474
0.314240
0.618191
-0.736596
-0.896983
-0.893155
-0.056392
0.548644
0.468760
0.131680
-0.589545
0.263846
-0.036000
-0.227924
-0.171780
-0.530273
-0.446243
0.879299
-0.014270
-0.630378
0.052676
-0.363700
-0.223297
-0.020309
-0.630659
0.598111
-0.898562
-0.802325
0.847456
-0.660701
-0.036533
-0.549018
0.653539
-0.418343
-0.265581
0.732766
-0.085904
0.862590
0.353374
-1.030091
-0.818694
0.111033
0.136451
0.755792
-0.101870
-0.283492
-0.526335
0.099850
-0.992229
-0.134431
0.159947
0.084788
-0.748562
-0.280961
-0.422822
-0.131983
-0.538008
-0.228504
0.065692
-0.690552
0.110795
-0.970841
-0.219538
-0.207084
-0.048847
0.839447
-0.231838
0.250421
0.029688
0.837405
0.605288
1.216726
0.869290
-0.123879
0.320554
-1.017817
-0.144565
0.308576
0.070319
0.015597
-0.112031
-0.239633
-0.333799
0.437734
0.603793
0.355625
-0.694248
-0.934215
-0.872879
0.371444
-0.618561
0.272920
0.720821
0.442711
-0.745118
-0.798159
-0.194862
-0.173359
0.864191
1.337486
-0.128050
-0.115395
0.367015
0.717090
0.235521
-0.554402
0.682801
-0.752962
-0.733929
-0.053218
0.642798
0.351308
0.808340
-0.617777
-0.210957
0.412133
0.737848
0.094794
0.521220
0.867617
-0.418584
1.075785
0.178125
0.798162
0.056251
0.262811
1.236781
1.002769
0.930470
0.417444
0.324414
0.826240
0.582864
-0.555379
0.656241
0.062478
0.199549
0.491031
0.544737
0.589820
-0.474431
0.208758
-0.058872
-0.666091
0.590981
0.730171
0.727537
0.295546
-0.215223
0.255738
0.179025
0.200470
0.103242
-0.531244
0.492817
-0.506696
0.720777
0.119618
0.606116
-0.196433
-1.016355
-0.202716
0.016339
-0.906788
0.554084
-0.297582
0.269207
-0.095755
-0.712036
-0.173844
-0.505935
-0.186467
-0.965087
0.435193
0.124583
0.548382
0.069359
-0.332957
-0.312966
0.626233
-1.206640
-1.122455
-0.049203
-0.063149
-0.688844
-0.538983
0.026287
0.690399
0.255996
-0.278562
-0.271487
0.561277
0.799101
0.893063
0.792007
0.534027
-0.332862
0.073485
-0.561728
-0.044898
0.899641
-0.067680
0.773218
0.864764
-0.694632
-0.235465
0.319889
0.276218
0.435791
-0.907318
0.044893
0.613964
-0.564368
-0.314339
-0.011764
0.099857
0.271491
-0.688983
-0.075319
-0.395479
0.249503
0.846612
-0.566459
0.213084
0.730867
-0.780445
-0.252888
-0.601995
0.293040
0.185366
0.352926
0.207040
-0.907376
0.154651
0.000019
-0.739790
-1.067708
-0.481822
-1.201776
0.686191
-0.032160
0.544363
0.893662
1.245256
-0.159845
0.061876
0.071433
0.610319
0.305570
0.944852
-0.677169
-0.414222
0.764409
-0.267944
0.798863
0.495276
-0.048389
-0.454026
0.893102
-0.755379
0.705303
0.197423
0.345503
0.694129
-0.845734
-0.738802
-1.012543
-0.886075
0.043058
-0.600464
-0.460528
0.024776
1.466517
-0.717463
-0.597613
-0.750610
-0.071585
0.301352
0.833370
-0.798286
0.228453
-0.858886
-0.212508
-0.007138
-0.126830
-0.413645
-0.513179
0.823465
0.128423
-0.665174
-1.041619
-0.313356
0.418852
0.189316
-0.691131
0.560192
-1.183291
0.010630
-0.355505
0.488164
0.510559
-0.349124
0.778687
0.293424
-0.317035
-0.899664
0.533402
0.606660
0.397426
0.363843
0.808374
-0.374121
0.504957
-0.404134
0.618741
-0.621873
0.182221
-0.895956
-0.797636
-0.704689
-0.594433
-0.933459
-0.037496
-1.083014
0.611336
0.797063
-0.916758
0.842917
-0.061900
-0.486062
0.174022
-0.662326
0.169170
-0.047291
0.631098
0.852135
0.053045
0.164500
0.458795
-0.549529
-0.471656
0.267170
0.076351
-0.966699
0.863075
-0.304869
-0.589092
0.048407
-0.225072
-0.434606
0.268241
0.190371
-0.181160
-0.489887
0.406372
-0.334216
-0.570952
0.518417
-0.483777
0.367148
-0.967645
0.690246
0.704822
0.201525
-0.357045
0.335920
0.053660
0.696000
-0.499579
-0.487544
-0.853529
0.028764
0.779625
0.222822
0.062023
0.643816
0.919154
0.437781
-0.349620
-0.281766
-0.912176
-0.952280
-0.989848
-0.025492
-0.414229
0.416525
0.640292
0.014819
-0.065058
-0.843484
-0.618033
-0.032703
0.846762
-0.913211
-0.831178
-0.510283
0.422710
0.222482
-0.814283
0.923130
0.734938
-0.667812
-0.048105
0.514564
0.555010
-0.986040
0.157225
0.472924
0.487454
0.845144
-0.807192
0.575285
0.892870
-0.797039
-0.450207
-0.521358
0.619486
-0.809915
0.493461
-0.445573
-0.653399
0.875428
0.521724
-0.806637
0.962217
0.690546
-0.316921
0.384927
-0.086972
-0.131204
0.308057
-0.352034
0.200984
-0.740048
-0.837470
-0.244006
-0.726088
0.319755
-0.771082
0.761366
0.164899
-0.578274
0.336651
0.057770
-0.375313
0.886444
0.536411
-0.755828
-0.923470
0.029872
-0.201400
-0.576869
-0.094700
-0.679676
-0.383506
-0.132483
-0.989130
0.299573
-0.747556
-0.076102
-0.831631
0.560501
0.571865
0.349691
0.800790
0.715133
-0.874022
-0.905004
0.054150
-0.645734
0.855716
-0.780951
-0.224008
0.192383
0.276819
0.400679
0.078827
-0.186770
0.644852
0.155357
0.843102
-0.556548
0.578487
-0.251598
-0.236225
-0.806075
0.614873
-0.224350
0.485677
0.845328
0.634011
0.621909
0.393802
0.271750
0.118586
0.323252
0.061064
0.200228
0.343135
-0.946325
0.511891
0.199413
-0.722032
-0.712150
-0.608204
0.554820
0.688562
0.470623
-0.631949
0.333414
-0.374021
-0.788847
0.775628
-0.796211
-0.044402
-0.541169
-0.741594
-0.560603
0.202444
0.788995
-0.730134
-0.254735
0.272980
0.640604
-0.768957
-0.386412
0.151577
0.286717
0.746939
-0.534337
0.347959
0.258719
0.665109
0.625994
0.546602
-0.943095
0.180814
0.235164
0.527528
0.549890
-0.439662
-0.894373
0.628483
-0.757291
-0.640640
-0.367554
-0.197896
-0.345911
0.095751
-0.991041
-0.608955
0.490718
0.169196
-0.575762
0.768559
0.585007
-0.181402
-0.266258
-0.211378
-0.455621
0.199289
-0.863530
0.803097
-0.135602
0.762463
0.349699
-0.078697
-0.062887
-0.434935
-0.566655
-0.617760
0.086020
-0.410275
-0.678972
0.414376
-0.105527
-0.193221
-0.826766
0.451793
-0.985750
-0.490988
-0.552776
-0.777005
0.904478
-0.415421
0.610457
0.301245
0.375054
-0.649174
-0.910541
0.919433
0.550115
-0.774071
0.722530
-0.585487
0.995783
0.076792
0.359253
0.042981
0.811156
1.023009
0.657516
0.047992
-0.340586
0.934490
-0.538840
0.246321
-0.606371
-0.280214
0.150884
0.139566
0.384091
0.470417
-0.054070
0.082551
-0.988314
-0.462632
-0.616739
0.386741
-0.111805
-0.527280
0.306173
-0.561690
-0.267009
0.036237
-0.086486
-0.224134
-0.690745
-0.529099
0.962168
1.171666
1.407655
0.434019
-0.206109
-0.638588
-0.479617
-0.173490
0.671577
0.537414
0.655718
-0.119770
-0.686411
-0.141763
-0.793220
0.200811
0.935388
-0.781533
0.738179
-0.681351
0.605207
-0.373626
-0.196161
-0.036637
0.114495
0.570891
1.100696
1.152442
-0.500587
-0.654006
-0.625936
0.956026
0.872281
-1.020784
-0.308466
-0.654803
-0.697531
0.578788
0.317224
-0.777816
-0.061807
-0.176916
-0.080127
0.203654
0.671065
0.126653
-0.595535
0.606453
0.345120
-0.889811
0.940738
-0.004508
-0.222868
-0.217900
0.983307
1.054697
-0.638829
0.861297
0.850747
-0.528516
0.845709
0.773456
-0.911012
0.542807
0.644365
0.037440
-0.977867
-0.577550
-0.410407
0.255300
-0.476228
0.497357
-0.927008
0.443645
-0.298989
0.744057
-0.429702
0.073410
0.343962
0.912101
0.211414
0.316947
-0.039505
-0.921189
1.033823
-0.276331
0.984574
-0.603856
-0.403827
0.481435
-0.479657
-0.845341
0.210505
-0.304333
-0.970675
0.406241
0.777286
-0.976608
0.772689
-0.646599
0.278397
-0.703539
0.850757
0.351389
0.740105
-0.479478
0.073777
-0.717600
0.595809
-0.612087
-0.820325
-0.310160
0.560657
-0.001765
0.035490
0.799503
0.845206
-0.174260
0.936567
-0.831069
-0.743922
-0.583684
-0.234959
0.818606
0.221705
-0.265693
0.230982
0.034781
-0.242402
0.003671
0.388182
-0.964005
0.300131
0.213431
0.360107
0.021809
0.703404
-0.725163
0.136392
0.110098
-0.217864
0.536112
-0.505930
-0.138630
-0.133141
0.477743
-0.603778
-0.576341
-0.947129
-0.682009
-0.112409
-0.613069
-0.267824
0.556348
-0.740673
-0.973677
-0.710108
0.490309
0.061104
0.047491
-0.506021
-0.561007
0.049161
0.744457
0.547885
-0.653685
-0.431963
0.125515
-0.250021
-0.827325
-0.004509
0.912902
0.909462
0.304280
-0.494690
-0.677205
-0.392964
-0.013792
-0.055328
-0.426304
0.139194
0.760527
0.029698
0.943636
0.307519
0.289024
0.969959
0.597412
-0.220667
-0.000267
-0.415393
0.178432
0.319771
0.575801
-0.221551
-0.070635
-1.039684
0.528336
-0.450038
0.000484
-0.878165
0.483489
-0.073262
0.812449
-0.120994
0.635879
-0.682438
0.382349
-0.558348
0.207814
-0.984240
0.638203
-0.053909
0.045458
0.581840
-0.746390
-0.665518
0.520450
0.813944
0.043714
-0.598647
-0.715763
-0.803938
-1.255377
-1.159912
0.103913
0.004809
-0.670110
0.279019
0.782128
0.380707
0.332127
0.365492
-0.373347
0.325146
-0.691900
-0.836742
0.585512
0.718883
-0.354610
-0.236795
0.734643
-0.716407
0.709296
-0.219899
0.867767
0.918789
0.010627
0.266355
0.616308
-1.031909
-1.317257
-1.044149
-0.622780
-0.849713
-0.304179
-0.797134
0.347714
-0.193993
0.184042
0.168066
-0.545099
-0.109263
-0.368835
0.163599
-0.823362
-0.063631
0.326503
0.729746
-0.344748
0.971893
-0.507049
-0.610105
-0.748434
-0.852104
0.087308
-1.031389
-1.018779
-0.926958
0.183427
0.587387
-0.636867
0.654964
-0.417906
0.260237
0.569051
-0.418908
-0.067406
-0.199776
0.688964
-0.367437
-0.934555
-0.681148
0.499648
-0.300875
0.461353
0.655229
0.635494
-0.212144
0.384975
-0.709254
-0.232215
0.838696
-0.328865
-0.028504
-0.932479
0.767734
0.079858
-0.845092
-0.723408
-0.075551
-0.458401
-0.199297
-0.792855
-0.660489
0.705179
0.832676
0.346802
0.010222
-0.267015
0.115365
0.605445
-0.218224
0.432399
0.094720
0.480901
-0.106248
-0.250051
0.116395
0.684847
-0.909424
0.367298
-0.649546
-0.969835
-0.944897
0.455942
-0.865075
1.153566
-0.024126
-0.371193
-0.797831
0.113240
-0.606984
-0.325160
0.490311
0.124066
-0.484330
0.300017
-0.589414
0.478990
-0.995582
0.529849
0.074060
-0.213805
-0.037752
-0.831220
-0.731902
0.857001
-0.095039
0.295761
0.419339
0.118774
-0.220995
1.044272
0.275444
0.161790
0.555556
0.207746
-0.277382
-1.170737
0.275458
-0.204115
0.254023
-0.949983
0.628210
-0.226060
0.129833
-0.888915
-0.931386
0.549319
0.584623
-0.926968
0.079168
-0.341317
-0.139771
-0.957583
-0.191768
-0.001088
0.738712
0.659074
-0.383066
0.541035
-0.027413
0.474229
0.492733
0.849116
-0.896626
-0.322381
-0.159883
-0.114347
-0.169794
-0.438589
0.877864
-0.828176
-0.415321
0.498724
-0.051875
0.721174
0.609281
0.016739
0.270492
0.193904
0.089771
-0.649339
0.864748
0.907782
-0.716470
-0.408813
0.032800
-0.468151
-0.407148
0.655519
0.669471
0.156446
-0.202345
-0.078373
-0.088417
0.027840
0.862260
-0.862801
-0.929304
-0.135097
-0.357907
0.946293
0.038096
0.226508
0.444753
0.986221
-0.052318
0.054035
0.002960
-0.782878
-0.753113
-0.907615
-0.438007
-0.880415
-0.806328
0.203727
-0.006176
0.399092
0.600935
0.445113
-0.099856
0.087293
-0.570376
0.555215
-0.923066
0.525358
-0.347806
-0.904516
0.643684
-0.287676
-0.039613
-0.714222
-0.341383
0.998482
0.512286
-0.896630
0.984703
-0.540032
0.157405
-0.012337
-0.280340
0.445713
0.298752
0.562428
0.771603
0.353291
-0.505427
-0.528629
-0.638106
0.455254
0.487917
-0.058652
-0.576791
0.926184
-0.470895
-0.468363
0.451542
0.181299
-0.372880
0.095226
0.893623
0.587507
0.381003
-0.447760
0.585989
-0.106711
-0.344390
0.625229
0.407794
0.951560
-0.248384
-0.835589
0.322007
0.742912
0.397325
-0.198478
-0.216485
0.482260
0.010678
0.000037
-0.065452
-0.496052
0.941385
0.357757
-0.569868
-0.529510
0.889394
0.881674
0.651789
-0.483486
-0.023100
0.545412
-0.895979
-0.642097
-0.902348
0.690010
0.251193
-0.232359
0.282503
-0.386228
-0.423889
0.829892
-0.353359
0.785731
0.458901
0.913222
-0.491135
-0.781326
0.395482
0.519543
0.218712
-0.669970
-0.976509
0.160097
0.687787
-0.546377
0.630587
0.577181
-0.664703
0.282376
-0.906305
0.312197
-0.172212
-0.802285
0.670100
-0.074560
0.887725
-0.078707
0.678701
0.148427
0.525743
-0.755022
-0.032515
-0.838409
-0.970386
-0.574710
-0.925187
-0.461521
-0.356036
0.470295
-0.941979
0.862676
0.800325
-0.918488
0.022773
0.488112
-0.464865
-0.346640
0.065293
-0.129568
0.935736
0.158988
-0.817372
-0.236476
0.356703
0.852729
0.688964
0.244428
-0.225978
0.367666
-0.607145
-0.700236
0.612644
0.360340
-0.538645
0.642258
0.785630
-0.463833
-0.819264
-0.570405
-0.993538
-0.761242
-0.707729
0.806787
-0.679731
0.315043
0.294899
-0.144596
0.968403
-0.639807
0.725836
0.904139
0.519180
0.908464
-0.332336
-0.124117
0.776704
-0.627861
-0.858923
-0.455924
0.733155
-0.486833
-0.165021
0.337036
0.873507
0.296333
-0.020805
0.659137
0.832501
0.159931
-0.911268
0.838963
0.398688
-0.618997
0.645750
0.718958
0.696046
-0.059350
-0.428124
0.676539
0.298662
-0.706342
0.562336
-0.172749
-0.772496
-0.708092
0.757735
1.114347
-0.245467
0.985820
-0.350182
-0.646620
-0.642419
0.340048
0.654111
-0.770981
-0.337491
-0.366694
0.862028
-0.531117
0.793237
0.950761
-0.692154
0.191925
-0.722380
0.928409
-0.102251
-0.982737
-0.118770
0.511201
0.730435
-0.778660
0.822148
0.485714
0.349402
1.278539
0.712550
-0.121545
1.205872
-0.871241
-0.456587
-0.532931
-0.566716
-0.117255
0.809077
-0.938733
0.059508
-0.554541
-0.305427
-0.078463
-0.085659
-0.566351
-0.181865
0.196378
0.688747
0.190805
0.198317
-0.571726
0.108910
-0.904910
-0.776265
0.231317
-0.346375
1.112149
-0.462353
0.472091
0.739964
0.652346
0.998933
0.760037
0.719798
-0.479079
-0.711600
-0.820782
0.375091
-0.902523
-0.759515
-0.565401
-0.457064
-0.119103
0.302212
0.442148
0.425523
-0.725895
-0.299061
0.066878
0.414648
0.806962
0.693081
-0.217581
0.812403
0.683462
0.491112
-0.846328
0.615009
0.701715
0.481342
0.489750
0.406656
0.465219
0.305176
0.227614
0.980329
0.593576
0.406832
0.355420
0.691053
0.593174
0.757649
-0.789604
-0.392638
0.119827
0.542083
-1.236415
0.284408
-0.678919
0.266395
0.118184
-0.817995
-0.219115
0.319238
-0.949249
-0.414063
-0.078082
-0.689655
-0.765023
-0.209354
0.820902
0.686358
-0.711035
0.274108
-0.008466
0.516579
0.254437
-0.414889
-0.130732
-0.421917
-0.732196
-0.372836
-0.562847
-0.799608
-0.087175
0.447478
-0.742419
0.329894
-0.028422
-0.498506
-0.833115
0.408867
-0.499887
-0.173681
0.021955
-0.175377
0.671976
-0.768369
0.299568
0.837985
0.092497
0.103266
0.524343
0.381461
-0.622626
-0.484123
-0.156103
0.572534
0.031685
0.799217
-0.873322
0.117143
-0.856027
-0.408725
0.934203
0.590286
-0.640047
-0.921301
-0.555777
-0.100979
-0.830304
-0.369659
-0.334663
0.246025
-0.922146
-0.993976
-0.583073
0.674544
-0.705876
0.699384
0.512528
0.386621
-0.197350
0.036871
-0.286061
0.129242
0.507400
0.656727
-0.556071
-0.682696
0.297524
-0.012934
-0.905123
0.923880
1.012129
1.128399
0.311223
0.677686
-1.364001
-1.248009
-0.415538
-0.547524
0.058625
0.761924
-0.864632
0.135634
0.861750
-0.464843
-0.189823
-0.844126
-0.765459
-0.677294
0.488344
-0.043248
0.311050
-0.765080
-1.137137
-0.513000
0.693129
0.075141
0.546134
0.736025
-0.287858
0.986003
0.409989
0.712632
0.210023
-0.726061
0.180580
0.246809
-0.209344
-0.420698
-0.804937
0.996284
-0.522253
-0.683368
0.131917
-0.660504
-0.148212
0.942095
-0.558837
-0.003467
-0.819076
-1.002616
-1.238726
0.364845
-0.752405
-0.313584
-0.019238
0.100896
1.103443
-0.341915
1.103939
0.529834
0.535110
-0.358212
-0.302176
-0.175793
0.727482
-0.189140
-0.257872
-0.199704
0.541194
-0.073244
-0.203421
-0.981060
0.243388
0.928497
-0.710499
-0.982668
0.676730
-0.201030
-0.172061
-1.084806
-0.220132
0.687466
1.236022
0.938825
1.373622
0.165810
1.061268
0.107180
-0.769350
-0.216508
-1.090418
-1.294552
-0.795404
0.614265
0.303800
-0.609327
-0.412018
-0.949290
0.190969
-0.870825
-0.022534
0.987548
-0.891465
-0.842189
0.812626
-0.494610
-0.969651
0.533419
0.225864
0.717994
1.210845
-0.227567
0.465544
1.178838
0.810053
-0.417145
0.830127
-0.444246
0.127405
-1.044960
-0.742441
0.744641
-0.530185
-0.099767
0.629589
0.790249
0.290906
-0.782430
0.840959
-0.518125
-0.655992
-0.202208
-0.583039
-0.312039
-0.048014
-0.752524
-0.186562
0.357136
-0.606107
-0.376651
0.255440
-0.518317
-0.079891
0.666510
0.832632
-1.100087
-1.289104
0.560664
0.078007
0.440899
-0.866089
0.575459
0.499379
-0.391849
-0.524308
0.128968
-0.601600
0.766598
0.343709
-0.737186
-0.663846
0.908454
0.247666
-0.352561
-0.919502
-0.888446
-0.002908
0.211393
0.555342
0.211316
0.584043
-0.658255
0.505527
-0.883465
0.672550
0.049490
-0.763930
-0.956296
-0.108129
0.434453
0.631983
0.031425
0.009912
0.131362
0.639576
0.485604
-0.773840
-0.873248
0.370737
0.943754
-0.242859
0.718608
0.446129
0.499347
-0.733568
0.591800
0.594332
0.313904
-0.559466
-0.071367
-0.272179
-0.739133
0.228302
0.942438
-0.476559
0.131309
0.114600
-0.334588
0.214773
-0.987756
-0.900134
-0.153244
0.043669
0.109778
0.958973
-0.272514
-0.169030
-0.329380
0.113503
1.118145
1.033751
0.146453
0.376095
0.206088
-0.576405
0.620116
-0.550111
0.699038
-0.229597
0.180377
-0.224877
0.634162
0.666432
0.894838
0.465341
0.935137
-0.009407
-0.434331
-0.399451
-0.794634
-0.422087
-0.299585
0.009934
0.661698
0.978855
0.309972
-0.294177
-0.307406
0.460174
0.241376
-0.521394
0.246683
-0.879100
0.404365
-0.673899
-0.560718
0.149969
-0.132156
-0.580003
-0.687577
-0.711395
-0.234008
0.555347
0.745682
-0.385267
-0.003695
0.680819
0.605326
0.561974
-0.718632
0.748329
-0.871718
0.048486
-0.009061
0.942583
-0.014824
0.782170
-0.981676
0.204814
0.190983
0.087458
0.371811
-0.579805
0.281480
-0.000072
-0.357413
0.697439
-0.586472
0.465126
0.557424
-0.710424
0.633335
-0.626099
0.820523
0.379017
-0.011366
-0.183172
0.043441
-0.475708
-0.645624
0.336911
-0.540133
-0.386942
-0.634635
0.301100
-0.935714
0.030749
0.091113
-0.626614
-0.585389
-0.555287
0.620288
0.904576
0.051185
-0.134467
-0.067996
0.149088
-1.014523
0.044361
-0.438298
0.630325
0.313079
-0.804963
-0.995774
0.133602
0.557659
-0.077043
0.909620
-0.402460
0.721750
-0.540907
0.893196
0.881726
-0.276291
-0.999587
0.014395
-0.093713
0.403460
-0.490548
0.791408
1.128373
0.002772
0.142880
0.592973
0.330565
0.423591
-0.687227
-0.527021
0.500054
0.339837
0.034681
0.130379
-0.347084
0.229718
0.118845
0.723901
-0.260413
-0.851984
0.673358
0.369482
0.486484
-1.291945
-0.019663
0.191331
-0.307192
0.584875
0.103552
-0.601686
0.484023
0.553803
0.573364
-0.109579
-0.899356
-0.564648
-0.656497
0.465637
0.899152
-0.357657
0.938616
0.399206
0.982180
-0.026703
-0.470344
-0.364834
-0.816016
0.644184
-0.693547
-0.268969
0.420006
-1.192975
-0.853743
0.143272
-0.946604
0.841070
0.223167
0.314174
0.717609
-0.800672
0.181035
-0.308075
0.560566
-0.302237
0.541365
0.686459
0.127830
0.879583
0.152096
0.026982
-0.478074
0.090711
-0.573812
-0.495895
-0.935992
-0.052528
0.135744
-0.773496
-0.555110
0.385101
0.013620
-0.842261
0.584589
0.639380
0.891996
0.931810
0.575466
0.129261
0.082964
0.143509
0.305662
-0.736000
0.835434
-0.133772
-0.038238
0.376799
-0.447313
-0.910408
0.256382
0.704783
0.116574
0.778308
-0.202901
0.544366
-0.742091
-0.163936
-0.526516
0.346948
0.001349
-0.030090
-0.117841
-0.668610
0.530116
-0.298198
-0.881405
0.447676
-0.354081
0.694061
-0.423063
0.728884
-0.162430
0.882599
0.992883
-0.326995
-0.251174
-0.045355
-0.950196
0.301513
0.044237
0.306185
0.006296
-0.839189
0.084406
0.800785
0.702820
0.317639
-0.387308
-0.799232
-0.211480
0.787818
0.320605
0.770948
-0.811845
-0.149279
-0.527250
-0.693250
-0.701603
0.118669
-0.999189
-0.124666
-0.152447
-0.161619
-0.242068
-0.159564
0.511386
0.506758
0.795082
0.561190
-0.191728
-0.160681
-0.132625
0.814568
0.000130
0.951868
0.616358
-0.296297
0.318774
-0.722349
-0.094190
-0.892705
-0.934530
-0.773585
0.878242
-0.746375
0.077136
-0.649008
-0.439625
0.375533
0.469662
-0.438814
-0.749134
-0.682785
0.399568
0.008799
0.157651
-0.089047
-0.484443
-0.047267
-0.527857
0.323828
0.792052
0.339518
0.138396
-0.207818
0.291386
-0.245246
0.495884
-0.389840
0.032406
-0.598306
-0.282545
0.097876
-0.371891
-0.404303
0.351501
0.705244
-0.053311
0.911876
0.080777
-0.583649
-0.526938
0.331644
-0.266434
0.872630
-0.659558
0.891216
-0.216417
-0.144001
-0.156051
0.255726
-0.820173
-0.364017
-0.404774
0.318195
0.428307
0.886755
-0.927022
-0.075933
-0.503074
0.105384
0.325761
0.214245
-0.796740
0.953869
0.809942
0.554760
0.659114
-0.243369
0.466636
-0.260109
0.172982
0.939698
-0.928465
0.906445
0.801671
-0.597231
0.788527
-0.445173
0.214329
-0.417851
0.811429
0.417469
0.278684
-0.512903
-0.193451
-0.239806
-0.641662
-0.146055
0.629964
-0.169699
0.945641
-0.043023
-0.955454
-0.852352
-0.090406
0.854488
0.702408
-0.431292
-0.388881
0.169044
0.308594
0.764549
0.085363
0.288044
0.561886
-0.251711
0.638243
0.374481
0.449859
0.060931
-0.884465
0.421717
-0.410525
0.482807
0.871068
0.282146
-0.885009
-0.849736
-0.885825
0.743702
-0.020688
-0.942690
-0.300574
0.023858
-0.795043
0.609020
-0.121655
0.907365
-0.831168
0.450545
0.009918
0.356875
0.113795
-0.946605
-0.182515
-0.068031
0.121979
-0.269430
-0.547311
-0.421183
0.730098
-0.415028
0.899412
-0.789846
0.990997
0.807324
0.500465
-0.895665
0.956335
0.613386
0.848036
-0.064354
0.670696
-0.452538
0.959504
0.875653
-0.871293
-0.201531
0.714929
-0.760693
-0.696142
-0.189512
0.887023
0.743107
0.179586
-0.210870
-0.461377
-0.958564
0.207835
-0.044906
-0.238127
-0.003356
0.600778
-0.234158
0.290780
0.591075
-0.426845
-0.208766
0.695410
-0.470511
-0.595380
0.543446
0.465136
-0.940497
-0.927192
0.381786
0.895174
-0.734271
-0.755201
0.811426
-0.275270
-0.258893
-0.357961
-0.574927
-0.803550
0.583974
-0.034778
-0.387495
0.717890
-0.645165
0.784310
-0.437174
0.498937
0.373976
0.328632
-0.210317
-0.034949
0.901787
0.580917
-0.339540
-0.568724
0.969551
-0.825829
0.873073
-0.949478
-0.712662
0.374223
-0.858724
-0.339193
0.656912
0.731120
0.082263
-0.830172
-0.708366
0.401052
-0.830888
0.859722
-0.425484
0.130423
0.766030
0.049768
-0.106702
-0.671190
-0.451329
-0.732726
0.657442
0.338354
0.232325
0.559229
-0.096742
0.848497
0.978358
-0.063438
-0.888298
0.962477
0.065406
-0.542633
0.225657
-0.068824
-0.094117
-0.223623
-0.313614
-1.052193
-0.262263
-0.058146
0.501553
0.305281
0.032469
-0.801474
-0.551324
-0.194272
0.248272
0.341975
0.134538
0.796943
0.609249
-0.208020
0.135097
-0.173623
-0.659767
-0.947943
-0.194956
-0.515960
0.046635
-0.087794
-0.720173
0.951173
0.227184
0.436431
-0.181757
-0.983701
-0.965183
0.471723
-0.843309
0.143069
-0.324619
0.797243
-0.478163
0.728032
0.995749
-0.029487
-0.466240
0.244021
-0.687512
0.668124
0.035085
0.906784
-0.514653
-0.814213
-0.123412
-0.058898
-0.654331
0.656314
0.334677
0.346655
-0.497162
0.539633
0.203674
0.514867
-0.333977
-1.106577
0.631016
-0.003328
0.630437
0.921333
-0.760497
-0.668131
0.718570
-0.238660
-0.940100
0.714319
0.731853
-0.406514
-0.047541
-0.970617
-0.704066
1.031566
1.119674
-0.061701
-0.661462
-0.062397
0.753870
-0.455327
-0.653261
-0.194356
0.757381
-0.232653
-0.862003
-0.377257
-0.954943
-0.162675
-0.283533
0.814617
0.933737
-0.626856
0.735955
-0.826760
-0.294987
0.454524
-0.065420
-0.235262
0.153878
-0.348527
0.366361
-0.804589
-0.124927
0.820078
-0.598815
-0.127398
-0.531734
-0.697544
0.370577
0.854949
-0.173156
0.864657
-0.265332
-0.621793
-0.869008
-0.417687
0.003748
-0.703848
0.519377
0.746455
-0.889227
0.453114
-0.880400
0.846728
0.626354
-0.175562
0.286287
-0.461287
0.599024
-0.451009
0.390928
0.190829
-0.188123
0.993128
-0.396886
-0.339034
-0.519215
-0.203487
0.001088
-0.879402
-0.043037
0.852583
0.656830
0.328248
-0.966558
0.843632
0.983501
0.056157
-0.860223
0.502878
-0.197387
-0.749450
-0.044008
-0.077494
-0.908113
-0.445364
0.756802
0.436094
0.329071
0.549387
0.997810
-0.562228
-0.720332
-0.651582
-0.796463
-0.131092
0.235734
-0.062364
0.829973
-0.718561
0.032984
-0.454777
0.949561
-0.400441
0.903700
0.989019
-0.556826
0.887201
0.045177
-0.417049
0.390079
0.848083
-0.172400
-0.681575
-0.264335
0.009827
0.081650
-0.269431
-0.552374
-0.898812
0.775281
-0.915708
-0.611464
-0.837234
-0.251508
-0.252784
0.035758
0.870992
0.800448
-0.245615
-0.931199
-0.380074
0.307574
-0.981295
0.219472
0.211274
-0.992276
0.662646
0.098475
0.052901
-0.760305
-0.539095
-0.183074
0.140864
-0.059250
0.877611
-0.894222
0.713490
-0.892509
-0.703637
0.817263
-0.943384
-0.376298
-0.681310
-0.807232
0.208288
0.133133
0.158946
0.054490
-0.296881
0.924224
0.123424
0.323036
0.231799
0.142129
-0.457492
-0.556927
0.149817
-0.808228
0.480762
-0.855855
-0.509230
-0.849235
0.282694
0.578934
-0.162884
-0.237034
0.540230
-0.404184
-0.025092
0.919542
-0.485539
0.046132
-0.550010
-0.155987
0.164739
0.617022
0.767840
-0.650300
-0.328575
-0.529094
-0.726076
0.794848
0.793943
0.505723
-0.063059
-0.715506
0.881885
-0.923152
-0.492181
0.597532
-0.545398
0.065342
0.558230
0.426062
-0.461765
-0.636077
-0.801406
-0.887404
0.035995
0.164348
1.001216
0.560358
-0.870094
-0.643093
-0.784917
0.311827
0.973835
0.982826
0.661528
-0.354740
-0.546267
0.935452
-0.559892
-0.803906
0.386919
0.316021
-0.486868
0.438763
0.525797
0.240369
0.017680
0.813912
-0.853852
-0.607752
0.159693
-0.341948
-0.210103
0.345986
-0.187213
0.840410
-0.557519
-0.356937
0.274333
-0.426349
-0.000089
0.489357
0.885478
-0.026253
0.472183
0.547006
0.619006
0.893246
0.412955
-1.035981
-0.949639
-0.187897
0.451844
-0.144710
-0.499075
0.022459
0.907448
0.129107
-0.345687
-0.944294
0.554564
0.845847
-0.304322
-0.625382
0.113811
0.344054
-0.820510
0.556303
0.987095
0.453801
-0.870046
-0.012994
-0.056843
-0.984568
0.960753
-0.616538
0.503345
0.478191
-0.820799
-0.186390
0.537968
-0.495975
0.999597
0.120704
0.251503
-0.772702
0.925942
0.128221
0.420482
-0.312359
0.158764
0.048433
-0.571067
0.799385
0.451337
0.542734
0.143416
0.630804
0.099037
0.130511
0.084605
0.228991
-0.882483
-0.972239
0.211040
-0.959849
-0.666018
-0.301794
0.507765
-0.344695
0.778975
0.290010
0.266829
0.771643
-0.697367
-0.413560
-0.886466
-0.586142
0.726740
0.578455
-0.024048
-0.114670
-0.350817
0.404875
-0.315297
-0.899491
-0.052391
0.828120
0.731313
-0.953354
-0.041413
-0.184126
0.275593
0.076105
-0.155898
-0.474577
0.142230
0.316925
0.336772
-0.179040
-0.956461
0.135513
-0.889921
0.415319
-0.000955
-0.518677
0.942116
0.101378
-0.171519
0.669898
-0.320160
0.804433
-0.444773
0.329023
0.209308
0.239931
0.429532
-0.843083
0.068050
0.160845
-0.796437
-0.973315
0.977181
0.482818
0.107196
-0.170048
1.014045
-0.736431
-0.892516
0.299525
0.070034
-0.821632
-0.495139
0.179044
0.548714
0.503824
0.660368
0.490830
-0.394798
-0.511151
0.160728
0.285042
-0.706718
0.715955
-0.385935
0.502590
-0.044114
-0.956403
0.659509
-0.976062
0.207430
0.866425
-0.947248
0.194899
0.354716
0.155136
-0.998283
0.328591
0.410695
-0.891125
-0.332286
-0.519610
-0.712757
0.172575
0.659434
0.835957
-0.323601
0.319802
0.326787
0.281600
0.808651
-0.512485
-0.433358
-0.898067
-0.796529
0.180707
0.604524
0.159357
0.224867
0.264608
0.183338
-0.568214
0.128249
0.233911
0.609951
-0.530628
-0.612642
0.611599
0.810904
0.798053
0.720474
-0.521382
-0.721557
-0.992283
0.651193
0.937877
0.843674
-0.672408
0.257679
0.170461
0.609192
0.066330
0.657976
-0.824166
0.168264
0.861447
0.356542
-0.227212
0.020804
-0.419154
-0.963182
-0.795903
0.009592
0.163919
0.438007
-0.380458
0.633291
0.825365
-0.768859
0.444195
0.623418
0.951615
0.922812
0.901860
0.959332
0.574005
0.839737
0.803005
0.901597
0.097416
-0.026534
0.510789
-0.836253
-0.368558
0.686623
0.332011
-0.507111
0.043165
-0.895202
0.513693
0.624011
-0.858383
0.717789
-0.366397
0.305536
0.155797
0.253145
-0.061173
-0.018838
0.484286
-0.616979
-0.395421
0.435901
-0.694166
-0.493560
0.395233
0.879839
-0.653823
0.198238
0.781436
0.443594
-0.828296
0.292225
0.607341
-0.196853
-0.021152
-0.060649
0.296032
-0.977990
0.044130
-0.190288
0.646009
0.185767
-0.472482
-0.721093
-0.508697
0.683314
0.532773
0.430129
-0.335524
0.017060
0.813151
0.269056
-0.547039
-0.881015
0.775495
0.848194
0.998824
-0.878328
0.042138
0.775157
0.554096
0.198786
0.036620
0.166721
-0.984486
-1.027762
-1.021676
0.167740
-1.012815
0.151507
-0.891526
0.683076
-0.674386
-0.345435
0.999001
-0.166877
-0.662175
0.531774
-0.736693
0.002355
-0.451166
-0.923543
-0.728589
0.001796
-0.803928
-0.952471
-0.161358
-0.831229
-0.865462
0.757480
0.793412
0.373005
-0.305924
-0.250982
-0.411043
-0.134940
-0.012945
-0.113887
-0.546146
0.140956
-0.846249
-0.425897
-0.108989
-0.483662
0.234773
-0.109934
0.349570
0.572652
-0.578159
0.612876
-0.424992
-0.028471
0.690182
-0.161175
0.923211
0.787798
-0.273641
-0.405242
-1.157992
-0.066247
-0.590357
-1.227432
-0.566852
0.547580
-0.180599
0.208041
-0.403718
-0.811240
-0.280903
0.437976
0.364581
-0.111546
-0.997349
-0.738316
0.411519
0.237424
0.151751
-0.238911
-0.189923
0.574445
-0.625134
0.365154
-0.496873
-0.909097
-0.808280
-0.513580
1.022505
0.185972
0.380203
-0.872313
-0.836206
-0.932700
-0.757740
0.006743
0.612498
-0.005575
-0.438987
-0.143838
0.363746
0.394881
-0.716754
-0.249190
-0.699584
-0.714102
0.012494
0.711936
0.523322
-0.835125
-0.527871
-0.613003
0.744589
-0.093119
0.502824
-0.688910
-0.184602
1.071404
-0.067243
-0.078217
0.211518
-0.582726
0.215277
0.595965
-0.761485
-0.172905
-0.835170
-0.971240
-0.848466
-0.081792
-0.051563
0.527623
-0.666004
0.231683
-0.721567
-0.365588
0.517581
0.291557
-0.634895
0.155368
0.740459
-0.132825
0.285884
0.276614
0.535298
-0.041544
0.545406
-0.399689
-0.074604
-0.406858
0.772824
-0.550983
-0.470967
-0.698615
0.317756
-0.429177
0.226384
0.611692
-0.304265
0.434095
-0.448135
0.644173
-0.038282
-0.114139
-0.124144
0.240781
0.583749
-0.410159
-0.247250
0.743931
0.259059
0.867987
-0.719221
-0.325534
0.099846
-0.911727
0.601641
-0.211127
0.214360
0.239127
0.114705
-0.474816
-0.014076
0.309132
-0.424243
-0.570549
0.948404
0.971187
-0.935924
-0.355861
0.405282
-0.384058
-0.711688
-0.593730
0.530403
0.232251
0.768387
0.025369
0.529318
-1.198076
-0.356602
-0.358815
-1.037101
0.142461
0.453242
0.307104
1.201179
0.829825
1.120981
-0.024767
-0.393208
-0.105665
0.132757
0.697427
-0.773275
0.904615
-0.851084
-0.824870
0.875802
-0.787008
-0.180731
0.320374
-0.182735
0.186502
0.897970
-0.426063
-0.695309
0.139703
0.276983
0.639237
-0.271129
-1.362916
-0.657586
0.343226
1.063968
-0.237377
0.025569
0.965222
-0.530875
-0.231544
-0.496805
-0.029347
0.666198
0.819416
-0.321885
0.892923
0.724031
-0.172969
-0.931947
0.633653
-0.001415
0.027216
0.229766
1.148290
1.089628
-0.393200
-0.883736
-1.073564
-0.051482
-0.033037
-1.276024
0.232272
0.904618
-0.016341
-0.038015
0.835859
0.638544
0.519937
0.290563
0.855058
-0.702923
0.952815
-0.166781
0.963275
0.772232
0.511334
0.856198
0.530305
-0.613182
1.041519
0.473425
0.886154
0.131263
1.326009
0.258353
-0.602291
-1.199732
-0.047812
-0.315328
-0.432295
0.243646
0.353730
0.661497
-0.065832
-0.835303
-0.794157
-0.590985
0.609425
0.680867
0.757287
0.488745
0.977944
0.710102
-0.678037
0.941219
0.525524
0.881744
0.853728
0.352705
-0.261122
1.130168
-0.598740
0.869855
-0.601038
-1.137062
-0.389922
0.146252
-0.018561
-0.335578
-0.023733
0.026419
0.326870
0.589738
-0.655590
-0.929180
0.641845
-0.520536
-0.558654
0.294066
-0.839669
-0.801367
-0.217189
-0.861724
0.924924
0.094802
-0.864780
0.489628
0.455521
1.223272
-0.220540
0.424777
0.662010
-0.301908
-0.224157
-0.733258
0.031560
0.651740
0.845818
0.329256
0.822546
0.815848
0.903865
-0.054593
0.438662
-0.782355
-0.016859
0.134778
-0.302890
0.424487
-0.571156
-0.142559
0.638085
0.229728
0.001841
0.603381
-0.480807
0.502269
0.307835
0.805928
0.353027
0.856010
-0.244836
-0.152906
1.192334
0.362522
0.026292
-0.529005
-0.233910
-0.856666
0.305810
-0.816478
-0.988870
0.188547
0.128398
0.504790
0.406192
-0.888460
-0.360432
-0.896698
0.558648
0.057495
-0.089041
0.185007
-0.739877
0.814194
-0.207116
-0.016370
0.363525
1.151231
1.224544
1.157642
0.003412
-0.601756
-0.175697
-0.142764
0.385708
0.116096
-0.006090
0.695832
0.354974
-0.836717
0.903240
0.409513
0.351830
0.031638
-0.085697
-0.241978
0.170958
0.454879
-0.199612
-0.272515
-0.505894
0.489975
0.629333
-0.209737
0.759800
-0.277181
0.742043
-0.131160
-0.745298
0.458023
-0.063121
0.271122
0.543051
0.254796
0.784443
-0.223017
-0.453695
-0.430252
-0.475259
0.916586
-0.266969
-0.572018
0.326099
-0.915139
0.436455
-0.778073
-0.300294
-0.380981
0.527063
0.269581
-0.140626
-0.931529
0.303194
0.201037
0.734132
0.565783
0.639195
-0.223620
-0.834730
0.683671
-0.946837
-0.154161
-0.206270
0.721474
-0.761733
-0.463954
-0.463040
-0.217024
0.105794
0.061701
-0.300438
0.838825
0.445741
-0.960247
0.761760
-0.263930
-0.861556
-0.604852
-0.119253
-1.320659
-0.584759
-0.099265
-0.236565
0.902481
0.719863
0.695552
0.234224
0.347465
-0.527189
0.418821
0.359276
-0.256593
-0.685698
-0.760072
-0.486215
-0.436706
-0.224026
0.050745
0.346270
0.879151
-0.889495
-1.032561
0.523979
0.324038
-1.141228
0.290450
-1.007987
-1.043954
-0.604162
-0.841037
-0.479748
-0.205932
-0.279836
-0.381436
-0.378086
-0.341190
-0.396472
-0.800215
-0.529695
0.252363
0.586863
0.893396
-0.934750
0.923191
-0.866677
-0.420965
-0.513515
-0.093319
0.627786
0.796299
-0.288799
0.412557
0.603428
-0.881511
-0.097179
0.706081
-1.076217
0.668147
-0.929514
-0.864504
0.524484
-0.681821
0.281750
-0.178632
0.431888
-0.725401
0.759794
-0.800875
-0.502893
-0.674706
0.514999
-0.895023
-0.781311
0.580249
-0.971832
-0.647987
-0.843340
-0.519238
0.183271
0.682744
-0.793629
-0.913582
0.537950
-0.918330
-0.479924
-0.278317
-1.003511
-0.652108
-0.542745
-0.640886
0.274054
-0.419285
0.041477
-0.305969
0.682868
-0.312435
0.062153
0.536754
-0.059577
0.569858
0.862047
-0.544578
0.674835
-0.919263
-0.969017
0.698315
-0.564555
-0.743292
-0.752962
0.770248
1.306997
-0.061061
1.102075
0.794263
0.035145
-0.906929
-0.734142
-0.204193
-0.038457
0.126106
0.430846
-0.682816
0.933146
-0.419917
0.052346
0.640856
0.289625
-0.885407
0.177610
-0.769952
0.684451
0.039657
-0.314530
0.359286
0.120393
-0.204964
0.142796
0.625134
0.141590
0.633892
0.554454
0.281027
1.027144
-0.191563
-0.552231
-0.374166
0.304101
-0.193619
0.603205
-0.665466
0.968772
0.034051
-0.348282
0.901918
0.614134
0.704064
0.542774
-0.096241
0.818657
-0.279616
0.133807
0.503108
0.788791
0.848027
-0.099563
-0.077231
-0.405705
0.981999
-0.467744
0.544657
0.224956
0.623391
-0.643372
0.049638
-0.325585
-0.227948
0.685708
0.978517
0.578434
0.288914
-0.686950
0.547206
-0.677035
-0.035232
0.449124
0.937099
-0.331168
-0.008101
-0.159142
-0.512511
0.712283
0.974664
0.990724
0.476241
0.799527
-0.141294
-0.646526
-0.664938
-0.221930
-0.213270
0.790870
0.982304
-0.532886
-0.852502
0.031942
0.141530
-0.080450
-0.282350
0.120047
-0.502016
-0.993436
0.433097
-0.954810
-0.670471
-0.602135
0.494314
-0.733372
0.066697
-0.513788
0.107485
0.554186
-0.801505
0.082149
0.544783
0.670818
-0.123910
-0.602225
-0.976424
0.210447
0.175450
-0.190089
0.001317
0.157754
0.277026
0.148815
-0.810304
-0.581444
-0.931634
-0.092654
0.538602
-0.433650
-0.086090
-0.028301
-0.388461
0.243439
0.369564
-0.894147
0.510066
-0.563739
-0.407935
-0.382448
0.990447
-0.209440
0.699701
0.535230
-0.538621
-0.424210
0.933005
-0.515045
0.786237
0.108455
0.294866
-0.212445
-0.733791
-0.428108
0.936370
-0.544096
-0.009552
-0.995265
0.363250
-0.470950
-0.428915
-0.722840
0.500749
0.182624
0.520599
-0.129687
0.288477
0.030665
0.306574
0.880543
0.648218
0.297022
-0.328894
0.347922
-0.167745
0.132482
0.923708
-0.236173
0.617437
0.709946
0.873712
-0.087697
-0.502500
-0.860080
0.484195
-0.566130
-0.404175
-0.525357
-0.561394
0.959075
0.003692
0.009691
-0.763736
-0.482066
-0.806359
0.758923
0.383472
0.467455
-0.222686
-0.327093
0.358211
-0.511493
1.018053
-0.954445
0.769176
-0.221859
0.160306
0.707343
0.575857
-0.246197
0.388735
0.449569
0.694659
0.914789
0.589489
0.178854
-0.651341
-0.814686
0.653112
-0.212976
-0.841328
-0.351350
0.931313
-0.317303
0.336362
1.148295
-0.874801
-0.687425
0.214388
-0.374468
-0.065505
-0.086682
0.503805
0.232883
-0.151971
0.115364
-1.021889
-0.999799
-0.148349
0.582522
-0.188889
-0.731060
0.032091
-0.494230
-0.816271
-0.379069
0.718247
-0.408693
-0.074927
0.659903
1.026152
0.837009
1.431672
0.118149
0.235342
-0.077839
-0.138325
0.274717
0.722311
0.071590
0.206355
0.324610
0.728680
0.856616
-0.891010
-0.728834
-0.100696
-0.886233
-0.700073
0.750956
0.696289
0.111038
-0.980104
-0.272270
0.675486
-0.698551
0.367817
0.495941
0.107955
-0.185605
-0.234446
-1.025232
0.030157
-0.311261
0.235885
-0.667070
0.789223
-0.716943
0.941683
0.778456
0.020468
-0.613875
-0.601540
-0.738567
-0.941274
-0.496732
-0.467398
-0.041970
-0.382965
-0.167471
-0.291014
-0.687061
1.039956
-0.244265
0.076566
0.693946
0.338138
-0.120077
0.020860
0.852773
-0.314891
0.720910
0.929796
0.692330
-0.764275
-0.180690
-0.981979
0.815680
0.122597
-0.872407
0.426548
-0.960096
-0.690165
0.809317
-0.709870
-0.631440
-0.687415
-0.177268
0.326590
-0.070765
0.706945
-0.907371
0.097771
0.616043
0.416674
-0.144939
0.492171
0.804417
-0.224208
-0.621389
0.726528
0.585682
0.734712
-0.220596
-0.460061
0.260977
0.814347
-0.000081
0.610970
0.172484
-0.015717
-0.000239
0.189437
0.294118
-0.190922
0.479567
0.662678
0.121278
-0.683230
0.001752
-1.088027
0.994318
0.454943
0.693296
0.524169
0.756410
0.396828
-0.198163
0.661580
-0.622036
-0.242390
-0.205103
0.020685
-1.208078
0.739300
-0.624926
0.920993
0.939294
0.339667
0.504161
0.088283
-0.676050
-0.496078
-0.722280
0.618067
0.312613
0.715237
0.180222
-0.757665
-0.733798
-0.550470
-0.299911
-1.181369
0.000454
0.498090
0.645982
0.226605
0.471809
-0.669322
-0.548038
-0.288611
-0.453033
0.277744
0.069790
0.266862
0.374788
0.455727
0.202229
0.291143
-0.204606
-0.293611
-0.620574
0.119343
0.152733
-0.432320
-0.446215
-0.771544
-0.510729
-0.744777
-0.091365
-0.807588
-1.130901
0.306114
-0.112651
0.963640
0.507090
-0.811123
-0.383768
-1.061966
-1.027127
0.075720
-0.865440
0.289334
-0.332216
0.291603
-0.335786
-0.976615
-0.252671
0.866443
0.314528
0.542723
-0.485384
0.601049
-0.479602
0.522140
-0.540151
0.508220
-0.867841
-0.490404
0.270378
0.450270
0.600144
1.153771
0.041484
0.961175
0.039761
0.566030
0.748194
0.766474
-0.579167
-0.944568
0.201608
-0.287057
0.528776
0.853413
-0.995455
-0.807009
0.876798
-0.248125
-0.998782
0.086301
-0.815955
-0.629677
-0.054602
0.011608
-0.681938
0.059128
-0.565942
-0.190986
-0.770360
1.060384
1.212293
0.584877
0.680856
-0.389610
0.067033
-0.346678
-0.496202
-0.357630
-0.278795
0.142657
-0.083149
0.918033
0.855599
-0.554373
0.771446
0.860145
-0.427797
0.542654
-0.534208
-0.613732
-0.247611
-0.202414
-0.293070
0.005444
0.680858
0.729561
0.157770
-0.238490
-0.145390
0.021853
0.915275
-0.319927
-0.616183
0.354226
0.084231
0.085708
-0.762040
0.775600
0.944412
-0.034430
-0.081743
-0.138737
-0.116397
-0.226144
0.248161
-0.439363
-0.561364
0.660427
-1.040160
-0.527703
-1.363447
-0.563100
-1.428822
0.589018
-0.279497
-1.219198
0.773959
0.812408
-0.894262
-0.843254
-0.105936
-0.907273
-0.423799
-0.092953
0.690665
0.789595
-0.826497
0.942454
0.565195
-0.882085
-0.091976
-0.516548
-0.079551
0.664783
0.036194
-1.214371
-1.378539
-0.229584
-1.628501
-0.956902
-0.337718
-0.402562
0.740815
0.082228
-0.330880
-0.283658
0.111737
-0.670285
-0.403106
0.393339
-0.205196
0.320173
0.760102
0.396885
-0.621710
0.471047
0.186479
-0.448206
0.413501
-0.248326
-0.332766
-0.802393
0.069018
-0.000486
-1.743007
-1.617081
0.010131
-1.089340
-0.912839
-0.997613
0.279696
0.329994
-0.257340
0.047540
-0.393331
0.749939
0.755353
-0.999830
-0.492225
-0.450805
0.651688
0.215115
0.934273
0.427898
-0.388001
-0.687436
-0.101055
0.798478
-0.139358
-0.723278
-0.598146
-0.045274
-0.961057
0.291752
-0.236451
-0.536399
-0.774390
0.235569
0.390435
-0.388528
0.001165
-0.426799
-0.955718
-0.785074
0.605286
-0.052364
-0.716702
0.790495
0.103062
-0.323895
-0.664744
-0.231368
0.891219
-0.730471
-0.803470
-0.496782
-0.400125
0.180987
-0.742590
-0.031486
0.082472
-0.303670
0.174068
-0.857227
-0.031363
-0.569877
-0.090442
-0.142459
-0.002290
-0.780641
0.636563
-0.396457
-0.308814
0.703446
-0.060690
-0.460972
-0.255038
0.108737
-0.685334
0.862874
0.784842
-0.350078
-0.368494
0.676061
-0.028586
-0.065494
-0.844728
0.178911
0.856550
-0.469203
0.249917
0.416169
0.474702
1.131325
0.385159
0.767966
-1.027727
-0.832291
0.055590
0.315185
-0.679175
-0.614624
0.988353
-0.024652
-0.787515
-0.168884
0.503105
-0.027703
0.939853
0.817772
-0.164830
0.742774
-0.487889
0.572006
0.569315
0.475003
-0.388527
0.645180
0.277178
-0.395919
-0.559483
1.061003
0.629509
0.446182
0.793625
0.088394
0.355982
0.775690
0.005338
-0.655499
0.260689
0.366571
-0.279140
0.169706
-0.685386
-0.070422
-0.999179
0.817719
0.901875
0.958754
0.655257
-0.189539
0.919261
-0.367210
-0.608435
0.253028
0.896456
-0.140779
0.101023
-0.077268
0.121130
0.043484
-0.534823
-0.579538
-0.602589
1.055494
0.311310
0.453953
0.866514
-0.702852
0.724564
0.068589
0.618189
-0.576960
-0.761706
0.932803
0.352618
-0.760885
0.770673
0.305159
-0.729925
0.633886
1.374515
1.035594
0.932441
-0.379869
0.282058
0.262772
-0.019751
0.477542
0.308839
0.392819
-0.582007
0.743981
0.731782
-0.587459
0.581047
-0.111127
0.841593
0.393201
0.140514
0.543776
-0.538210
-0.241297
0.966817
-0.299916
-0.308544
0.319385
-0.080712
-0.586320
-0.460162
0.304665
0.974256
-0.177378
0.178745
0.546727
-0.084501
0.927425
-0.381388
0.621982
0.503901
0.654254
-0.135236
0.697479
0.229562
-0.458586
-0.936908
-0.215299
0.407343
0.893496
-0.822098
-0.452144
0.437273
-0.360308
0.306559
0.404090
0.339776
0.996078
-0.268236
-0.612992
-0.336948
0.475963
0.565510
-0.469148
1.005542
-0.526676
0.598404
-0.365203
-0.762460
0.882147
-0.921935
0.670410
0.537462
-0.057171
0.367889
-0.232975
0.484243
0.430981
0.551726
-0.108414
0.324477
0.729628
0.439443
-0.238250
-0.618308
-0.241626
-0.738785
0.807179
-0.161323
-0.033305
1.031150
0.294769
-0.727149
0.416796
0.452300
-0.950263
0.748146
0.037678
-0.326616
0.985686
-0.080174
-0.248551
0.656096
-0.542712
0.694277
0.023985
0.224312
0.178521
-0.545035
-0.223962
-0.929893
0.779442
-0.494334
0.509549
-0.441992
-0.108132
-0.695389
-0.243905
-0.399962
0.015267
0.596739
-0.427505
-0.816218
0.783214
0.958188
0.636082
0.832951
0.706334
-0.326239
-0.493665
0.692020
0.593586
0.257783
0.348116
-0.949126
-0.047939
-0.627899
0.275187
-0.869419
-0.172934
-0.948775
-0.799312
-0.393492
-0.443109
0.710238
0.147701
0.431878
0.965789
0.854733
-0.984040
-0.034591
0.451130
-0.411887
0.149191
0.234344
-0.453699
-0.214727
0.067295
-0.747364
0.459034
0.573630
0.944656
0.052621
-0.168587
0.292772
0.103495
0.783474
0.664873
-0.621319
0.914055
-0.508061
-0.570094
-0.885257
0.098447
-0.013202
0.824981
-0.753852
-0.581324
0.790770
-0.899119
-0.565364
-0.243821
0.552011
0.022749
0.905370
-0.213645
0.569051
-0.309357
0.853650
0.821687
-0.850322
0.427280
0.766342
0.202298
-0.741307
0.059114
-0.694207
-0.957833
-0.276013
-0.315526
0.956222
0.215925
0.114380
-0.911451
-0.668044
-0.875605
0.910760
-0.424666
-0.480146
0.686717
-0.338597
-0.045510
-0.557105
-0.786587
0.977239
-0.651735
-0.000232
0.546290
0.038909
-0.146582
0.367977
0.188586
-0.719302
0.134319
-0.609116
-0.473072
-0.816909
-0.335089
-0.450714
-0.160959
0.291520
-0.552929
-0.943660
-0.582105
-0.494948
-0.589996
-0.407412
-0.501341
0.008080
0.116579
-0.808591
0.669640
-0.928872
-0.365621
0.883053
-0.951707
-0.017430
-0.117179
0.594584
-0.978522
0.736239
-0.037441
0.210043
-1.006784
-0.900143
0.557291
-0.518935
-0.839501
-0.735315
0.094332
0.213590
0.688123
0.645858
0.388858
-0.776629
-0.735241
0.797197
-0.229004
-0.210827
-0.202890
0.887655
-0.019486
-0.533325
0.958634
0.614818
-0.650272
-0.993072
-0.402612
0.232603
0.601564
-0.399565
-0.061424
-0.439486
0.783109
-0.087067
-0.388162
0.430288
0.626410
-0.003115
0.764186
-0.322960
-0.884148
0.394104
-0.698762
0.384077
0.516677
-0.390451
0.288873
-0.648393
0.429126
-0.914091
-0.760813
-0.590360
-0.447415
-0.802178
-0.975541
-0.097633
-0.796788
-0.397202
-0.824936
0.828639
0.245254
0.174973
-0.580634
0.090473
-0.834746
0.108869
-0.406940
0.627081
0.930197
-0.755379
-0.621994
-0.882198
0.584683
-0.335270
0.641617
0.213900
0.307004
-0.069502
0.565506
-0.263870
0.016408
0.804694
0.145771
0.568991
-0.998898
0.176830
-0.496014
-0.736392
0.877958
-0.365993
-0.921096
0.142339
0.817035
-0.480179
-0.824424
0.900785
0.427520
-0.388395
0.450498
0.535560
-0.154304
0.740683
0.539229
-0.537703
-0.591011
0.180861
0.676196
0.715993
-0.888641
0.241703
-0.547877
0.127765
0.069949
0.621610
-0.234000
0.041455
-0.226456
0.218504
0.276504
-0.392977
0.856998
0.349163
0.648119
0.556640
0.668257
0.617772
0.169840
0.228976
-0.639600
-0.244757
-0.533609
0.126365
-0.544109
-0.994369
0.588662
-0.135120
0.186492
0.264858
-0.419127
0.297850
-0.468919
0.126515
-0.529574
0.559135
-0.367960
0.130294
-0.424345
0.375142
-0.672647
0.905100
0.945045
-0.920319
0.102515
0.405711
0.412251
-0.153884
0.331592
-0.111003
0.850262
0.545002
0.545867
-0.683592
-0.328633
-0.998242
-0.677961
-0.739970
-0.133362
0.508530
0.564758
0.543283
-0.160741
-0.930315
-0.513698
0.190343
0.452802
0.059433
-0.685811
-0.860159
-0.546830
-0.454673
-1.078905
-0.712391
-0.356242
0.237503
-0.869253
-0.684883
0.958771
0.269446
0.090205
0.803395
-0.185553
-0.363929
-0.880197
0.485815
-0.362171
-0.533191
0.802828
0.566479
1.002268
0.292480
-0.041210
-0.302845
0.230198
0.379237
1.029933
-0.053646
-0.372267
-0.676487
0.011756
-0.131832
-0.087729
0.178829
0.632664
0.759584
-0.653337
0.545742
0.955667
-0.757363
-0.184818
0.045872
-0.953967
0.629629
0.681943
-0.808917
0.172677
-0.618233
-0.356260
-0.091469
0.875852
-0.383107
-0.901918
-0.214200
0.352264
0.485828
-0.763345
0.242340
-0.752965
-0.273419
0.629995
0.436186
0.925935
-0.303108
-0.431690
0.330793
-0.667909
-0.199905
-0.123476
-0.712242
0.042733
0.691706
0.333629
0.114013
0.380348
0.077568
0.291798
-0.479620
0.446123
0.932938
0.388204
0.218452
-0.553754
0.399565
0.836643
0.519952
-0.178342
-0.823129
0.064885
0.192499
-0.013155
-0.252346
-0.364012
-0.296037
0.320041
0.089577
-0.965256
0.652132
0.889673
-0.088732
0.939890
-0.042347
-0.337809
0.335964
-0.915923
1.071519
-0.622293
0.415428
-0.577473
0.608244
0.112931
0.632737
-0.318443
0.431943
0.022851
-0.235737
0.355197
0.973978
-0.071392
-0.607110
0.195628
0.773569
0.017617
0.717364
-0.534640
-0.662342
-0.193059
-0.499895
0.989790
-0.278137
0.468813
0.988809
0.728232
-0.815641
0.340323
0.771308
0.955642
0.485191
-0.111272
-0.777201
0.082077
-0.935683
0.955535
0.912695
0.627321
0.081024
-0.277728
-0.018164
0.058226
0.497051
0.248139
-0.859677
0.246289
-0.734244
0.857687
0.711649
-0.396586
-0.310115
-0.730287
-0.343686
0.433102
0.848714
-0.350846
0.074070
0.619792
0.636996
-0.462884
0.505476
0.294560
0.630356
0.880328
-0.663718
0.642413
0.915505
-0.679145
0.306615
-0.062735
-0.144202
-0.831256
0.884638
-0.658704
0.416883
-0.975040
0.587585
0.682639
0.882647
0.357255
-0.616667
-0.390187
0.737507
0.073298
0.957920
0.090585
0.334517
-0.098902
-0.147642
0.204661
0.596232
-0.609860
-0.560709
0.144781
-0.688979
-0.216758
-0.208846
-0.926761
-0.083074
0.988899
-0.058670
0.773954
-0.842357
-0.174032
-0.884750
0.574526
-0.149061
0.746037
0.282750
-0.246236
0.127554
0.705877
0.256866
-0.555898
-0.594389
0.164743
0.654995
0.886175
-0.872319
-0.577470
-0.005905
0.665438
-0.135223
0.387071
-0.180039
0.005251
0.981142
0.469097
0.048480
-0.101318
0.457996
0.989811
-0.327364
0.615639
-0.184218
-0.185960
0.213236
0.703668
-0.457999
-0.363682
-0.568198
0.467677
0.956912
0.707924
-0.951777
-0.547935
-0.070766
0.668693
-0.744243
0.044124
-0.820527
0.279607
-0.334878
-0.161614
-0.510069
0.319055
0.828370
-0.528933
-0.211848
-0.123150
0.369750
-0.753852
-0.133341
-0.961658
0.858382
0.656843
-0.204447
0.160541
0.474351
0.311702
0.503683
0.743680
-0.159453
0.551433
0.431422
-0.178955
0.965371
-0.616000
-0.466852
-0.790667
0.259179
-0.455550
0.330988
0.845752
0.382735
0.820917
0.164807
0.211105
-0.708016
0.952959
-0.913632
0.657424
-0.852704
-0.135922
0.644032
-0.902418
-0.249455
-0.346163
0.184376
0.989576
0.913748
-0.313106
0.743144
-0.285373
-0.772783
0.200721
0.573702
-0.938857
0.466441
0.961476
-0.854677
-0.273007
-0.494062
0.476311
-0.427255
0.888673
0.297228
0.737552
0.099776
0.582109
0.630677
0.045801
0.062950
0.679873
-0.922897
-0.041643
0.985634
-0.274806
0.384170
-0.006420
-0.277865
0.356975
0.645106
-0.517826
-0.972035
0.775821
0.666502
0.502843
0.782275
0.134722
0.464326
0.927597
0.861715
0.970264
0.403908
-0.565540
0.858937
-0.298717
-0.845798
-0.143652
-0.803889
0.730092
-0.957761
0.478675
0.800026
-0.671324
-0.473613
0.705868
0.099502
0.994940
-0.223118
0.801017
0.344784
-0.541955
-0.665995
0.344702
-0.781042
-0.997486
-0.152454
-0.998767
0.137237
-0.688128
0.928830
-0.001048
-0.723000
0.327601
0.428331
-0.865096
-0.950601
0.576614
0.054456
-0.699309
0.442540
0.228044
0.801046
0.149953
0.519065
-0.637933
-0.076344
-0.397336
-0.652293
0.688753
-0.562945
0.678381
-0.869742
-0.227881
0.023083
-0.650784
-0.225367
0.870629
-0.649552
0.911870
-0.817499
-0.720722
-0.089178
-0.535694
0.611533
-0.653608
-0.396809
0.650506
0.943917
0.638861
0.930095
0.367192
-0.049809
0.835625
-0.362310
-0.513230
-0.802483
0.560430
0.090009
-0.454776
0.249183
0.527064
-0.776395
0.379441
-0.700817
0.246688
0.728657
0.073816
0.117317
-0.920895
-0.014317
0.299815
-0.649088
0.889019
0.764390
0.970153
-0.767850
-0.670014
0.584544
-0.849635
-0.924336
0.586404
0.608002
0.027400
0.422037
-0.754307
0.514171
0.619554
0.806123
-0.395820
-0.835222
0.055306
-0.868756
-0.611617
-0.565253
-0.569574
0.635071
-0.836597
0.504242
-0.247613
-0.757487
-0.510083
-0.947721
-0.399435
-0.621894
0.808637
-0.428710
-0.372825
-0.813176
-0.812420
-0.182426
-0.737512
0.773984
-0.574423
0.289888
0.196021
-0.328730
-0.195941
-0.184424
-0.522608
0.408238
-0.019647
0.532698
0.539482
0.368736
0.967445
0.969908
0.003807
-0.869151
0.474150
0.756195
-0.626643
0.964077
0.808399
-0.025751
-0.649488
0.625058
0.545540
-0.022313
0.811882
0.733120
0.795262
-0.925630
0.507104
-0.779161
0.364258
-0.296875
-0.107892
-0.831683
0.518701
0.369501
0.576555
-0.500946
-0.097801
0.116037
0.867791
-0.130356
0.085945
-0.128402
0.000493
-0.439906
-0.372207
0.373850
-0.475829
-0.563808
-0.651901
-0.125317
-0.938749
0.893639
0.852370
0.873133
0.626759
0.647632
0.947503
0.133863
0.868470
0.311761
0.836989
-0.239422
0.480078
0.355690
-0.869921
0.056633
0.854744
0.032278
-0.827331
0.722535
0.901922
0.258614
-0.405996
-0.097714
0.818564
0.220029
-0.725631
-0.657121
0.658118
-0.380013
0.217562
0.719369
-0.481996
0.069932
0.592502
-0.855237
-0.282437
0.540005
0.278626
-0.413967
-0.148234
0.115615
0.346612
-0.668156
-0.529960
0.413832
0.338439
-0.727970
-0.554732
0.497229
-1.015454
-0.671656
-0.320329
-0.470280
0.228222
-0.432728
0.761065
0.499983
-0.023142
0.522761
-0.786063
-0.801584
0.241638
-0.268059
0.268841
-0.165368
-0.123296
0.986404
-0.625363
-0.844670
-0.427565
0.233372
0.214731
0.799389
0.434769
0.528915
0.325365
0.102622
-0.960717
0.769483
-0.690637
-1.154714
-0.763468
0.352810
-0.263655
0.495181
0.884303
-0.382596
0.217986
-0.053049
-0.853000
0.432415
0.146353
0.389131
-0.835644
-0.584807
-0.776237
0.045884
-0.591790
-0.382449
0.136344
-0.076317
0.714626
-0.135718
0.304137
0.528334
-0.840235
-0.899278
-0.941635
-0.913841
-0.741408
0.135459
-0.526273
-0.114834
-0.560089
0.242126
-0.871724
-0.879865
0.778600
0.356518
0.078813
0.925601
-0.211067
-0.774835
0.314731
-0.041888
-0.330092
0.582344
0.961511
-0.019744
-0.512483
0.656170
-0.859702
0.872464
0.431832
-0.352633
-0.086595
0.472156
0.010637
0.538371
-0.506829
0.526421
-0.087134
-0.127231
0.907603
-0.322712
0.694667
-0.961393
-0.191193
0.473268
0.395124
0.887620
0.398868
-0.815945
-0.876173
-0.250481
0.039067
-0.390543
-0.408439
0.160955
0.589906
-0.730249
-0.701418
0.364616
-1.060034
0.461820
-0.294236
0.542464
0.890170
1.053468
0.643270
1.271859
0.312117
0.867794
-0.465978
0.210070
-0.440443
-0.771311
0.248677
0.368363
0.701957
-0.356201
0.267900
0.066137
-0.377075
0.555582
0.806133
0.837602
-1.081099
-1.011312
-0.204130
0.493453
-0.955366
-0.105342
0.401800
-0.332473
0.279770
-0.240493
-0.231780
0.485911
-0.639128
0.857875
0.241736
0.675840
0.753695
0.775758
-0.114090
-0.686748
-0.995553
-0.865416
0.678281
0.468944
-0.376620
0.228477
-0.150407
0.500242
-0.816664
-0.486939
0.368486
-0.655501
-0.490568
-0.642215
-0.936528
-0.010805
-0.960111
-0.487531
1.123906
0.648196
-0.533089
-0.562210
-0.264444
-0.111999
-0.676933
0.977292
-0.436159
-0.923237
0.753049
0.452421
-0.614018
0.483450
0.380789
-0.754984
0.600144
-0.634631
0.103901
-0.627240
0.974904
0.227344
-0.160388
0.125358
0.598434
0.372261
-0.745260
-0.654601
-0.105766
-0.592914
-0.865604
-0.339822
0.783999
-0.315782
0.125994
-0.480445
0.572218
0.449061
-0.503154
-0.863111
0.525377
-0.962069
0.368240
1.075098
-0.862181
0.237782
1.247346
1.261843
0.875205
0.213320
0.692000
0.262855
-0.850826
-0.777941
0.151617
-0.888166
-0.689892
0.100269
-0.895868
-0.073383
0.547509
-0.692115
0.615301
0.331508
-0.007898
-0.258705
0.851063
-0.434978
-0.829702
-0.814948
-0.510806
0.442838
-0.411476
-0.812406
1.178044
0.511637
1.145839
1.121954
-0.461211
0.161540
-0.550906
0.384359
-0.822880
-0.406088
-0.761001
0.333914
-0.070244
-0.348019
-0.215624
0.129976
0.611083
-0.668114
0.437861
0.226384
0.663394
-0.566729
0.916445
0.332553
-0.241673
-1.091860
0.609914
0.649577
1.382197
0.285658
1.637826
1.138969
0.567988
0.626543
0.079425
-0.056064
-1.000889
0.036204
-0.395295
-0.267863
-0.384511
0.394054
-0.549206
0.655035
-0.914817
0.235170
-0.214989
0.696266
0.567056
-0.779099
-0.139343
0.124332
-0.295548
-0.265305
-0.414986
0.481141
0.392873
0.381081
1.005159
0.547281
0.551839
0.569524
-0.226355
-0.856136
-0.622322
0.181374
-0.009722
-0.041711
0.268358
-0.785557
-0.896303
0.966829
0.650354
-0.445509
0.621864
0.735537
0.789661
-0.585500
0.474210
0.317261
-0.280903
-0.594818
-0.542658
-0.079934
0.450222
0.712697
-0.029321
-0.532306
1.111889
-0.337042
0.854063
0.447627
0.810049
0.447836
0.124211
-0.864283
0.178857
-0.605604
0.540179
-0.504498
-0.350252
0.643875
-0.537669
-0.699898
-0.801634
-0.908180
-0.902762
1.076583
-0.276525
0.532829
0.052133
-0.245682
0.535129
0.466811
-1.333155
-0.435609
0.074166
0.820944
0.938286
0.827126
0.996667
-0.271715
-0.846291
0.120674
-0.804879
0.319049
0.552640
0.419134
0.764038
0.092818
0.914637
-0.586214
-0.263306
-0.610476
-0.191016
0.140578
-0.193378
-0.073008
-0.355889
-0.444138
-1.301757
-1.439673
-1.611732
-1.355810
-0.897710
-0.264771
0.658685
0.953530
1.172832
-0.193461
-0.248585
0.479874
0.025662
-0.132654
-0.387195
0.260982
-0.773057
-0.834555
-0.319884
0.990980
0.258263
-0.324516
-0.517771
1.232040
0.382288
0.473302
-0.152361
0.144578
0.096288
0.199476
-1.202578
-1.341877
-1.023990
-0.216789
-0.470120
-0.342650
0.333334
0.681220
0.934780
-0.169882
0.714067
-0.547536
-0.841753
-0.264158
0.328669
-0.228948
0.996823
0.555612
-0.063503
-0.293662
0.678655
-0.497367
0.720943
1.406273
-0.825649
-1.006979
-0.376867
-0.327487
0.014959
-0.518574
-0.048700
-0.649796
0.391082
0.464709
-0.219033
0.560772
0.546955
0.566605
-0.616487
0.199844
-0.801700
-0.928137
0.650323
-0.643453
-0.192295
-0.021008
0.127599
-0.177008
-0.360589
-0.538507
0.748154
-0.527754
-0.824382
-0.693704
-1.282962
-0.718901
-0.426445
-0.247921
0.436392
-0.039694
-0.498767
-0.282792
-0.275190
0.197121
0.615097
0.324212
-0.770614
0.050322
-0.292001
-0.411595
-0.751793
-0.093701
-0.339732
0.898530
0.288222
0.499335
-0.031191
-0.442476
-0.319789
0.762358
-0.523933
0.459008
0.037723
-0.618528
-1.009321
0.196365
0.125510
0.640205
-0.390505
-0.354866
-0.811653
-0.282911
0.358532
-0.131531
0.735941
-0.107998
-0.835340
0.944794
0.955683
-0.127341
-0.466801
-0.796110
0.804334
0.218840
-0.862866
0.145678
0.001952
0.211044
0.869207
-0.217441
-0.999119
0.279870
-0.801246
0.387416
-0.732348
-0.003825
0.197570
0.357790
-0.422195
-1.179121
-0.543031
-0.163081
-0.305391
0.749523
0.786110
-0.557744
-0.329825
0.950770
-0.612950
-0.374143
-0.176572
-0.054374
-0.163593
-0.318056
-0.787060
0.031375
0.848839
-0.086063
0.900384
-0.155014
0.561487
-0.853493
-0.025163
-0.619867
-0.995724
0.128279
0.214795
0.425162
0.313775
-0.718642
0.626399
0.803825
0.166040
-0.650490
0.581847
-0.047851
-0.208234
-0.747978
-0.097081
0.176855
-0.124082
0.780307
-0.791118
0.842086
-0.413780
-0.554135
-0.137401
0.836903
-0.166934
-0.618144
-0.228803
-0.544667
-0.184065
-0.969058
0.095089
0.045661
0.576000
-0.313940
-0.353489
-0.098432
-0.023183
-0.712915
-0.280432
-0.857144
-0.363405
-0.698585
0.095005
0.428361
-0.446563
0.997924
-0.406565
0.418542
0.684943
-0.386740
0.052318
-1.141484
-0.370041
0.567803
-1.198588
0.806782
-0.711357
0.075287
-0.396006
0.186727
0.087873
0.698024
-0.767612
-0.336127
-0.615916
-0.121101
0.565441
0.360901
0.165984
-0.714991
0.503757
0.802579
-0.413575
-0.401244
0.230933
0.133289
-0.412376
0.815274
-0.463792
-0.725401
-0.562713
0.652669
-0.636952
0.463387
0.488859
-0.600111
0.370350
0.819501
0.475175
0.974344
0.006228
-0.436951
0.672367
0.238616
0.226922
-0.943549
-0.882486
-0.207637
0.417352
0.283498
0.077373
-0.078891
0.086077
0.663494
0.519464
-0.683087
-0.196703
-0.883706
-0.844863
0.374837
-0.562485
-0.300504
0.084959
-0.188523
-0.837117
-0.426183
0.211366
0.533234
-0.606682
-0.313459
0.507578
0.399546
0.249590
0.179945
-0.361838
-0.523488
0.236396
-0.244324
0.268875
-0.346252
-0.960826
-0.653752
0.574857
0.125251
-0.989955
0.094728
0.442268
-0.186296
0.211285
0.597403
-0.811459
0.648800
-0.703101
0.273500
-0.539723
-0.540218
0.847317
0.671643
0.993016
-0.759365
-0.641816
0.500593
0.640181
0.607774
-0.319462
-0.721657
-0.915714
0.916935
0.034019
0.353162
-0.429317
0.073193
0.699409
-0.854460
-0.801556
0.709454
0.240267
0.640713
-0.476842
-0.548448
0.238115
-0.288300
-0.899648
0.535014
0.985200
-0.439371
0.994796
0.832517
-0.767727
0.987811
-0.926848
-0.409543
0.488405
0.713333
-0.801769
-0.831057
0.991676
-0.717482
-0.914122
0.025695
0.635679
-0.343440
-0.901969
0.334232
-0.183749
-0.687595
0.059616
-0.957632
0.938045
0.567403
-0.506080
0.176160
-0.720599
-0.405728
-0.288826
-0.735400
0.154902
-0.294030
-0.902883
0.387174
-0.306219
-0.829731
0.977631
-0.817814
0.882319
-0.827873
-0.648538
0.879193
-0.533882
-0.556404
-0.051268
-0.873326
0.133598
-0.031057
0.296628
0.707881
0.166628
-0.554124
0.922146
0.235238
-0.958607
-0.618637
-0.639194
-0.679206
0.026226
0.122571
-0.414606
-0.818872
0.828541
-0.317489
0.568457
-0.477171
-0.149646
0.547632
-0.254332
-0.204429
0.947250
0.397334
-0.189498
-0.795477
0.249085
0.309091
-0.973901
-0.713777
-0.668997
0.626663
-0.563775
0.759579
-0.873515
-0.630682
0.044926
-0.781531
-0.148136
0.456323
-0.460738
0.878090
-0.421106
0.124810
-0.928401
-0.580825
0.818766
0.696918
0.353239
0.300203
0.611756
0.538661
0.092448
-0.580454
-1.018732
-1.401845
-0.112610
-0.763656
0.554801
0.390084
-0.219718
-0.939629
0.062552
0.250626
0.842809
0.230124
0.670537
-0.112265
0.448592
-0.477599
-0.655942
0.988008
-0.589915
-0.075423
0.187788
-0.126541
0.891727
0.407644
-0.785970
-0.779379
0.394052
-0.078657
0.674090
-0.264838
-0.925987
-0.682153
0.028581
0.317538
-0.185445
-0.448292
-0.421534
0.523439
-0.462305
0.634074
-0.213771
-0.619496
-0.135802
-0.543235
0.268239
-0.687056
-0.007219
0.674361
-0.413944
0.726984
-0.169523
0.819446
1.016783
0.722827
-1.006914
0.800681
-0.739373
0.928033
0.485857
-0.972777
-0.088066
0.366657
-0.315124
0.914469
-0.437660
0.359183
-0.623066
0.155610
-0.093054
-0.085371
-0.210316
0.693174
0.295134
0.654036
-0.811609
-0.200949
1.378747
0.403931
-0.303131
-0.396171
-0.300750
-0.583156
0.348972
-0.973901
-0.350232
-1.038723
-0.735288
-0.106219
0.815034
0.387958
0.001830
-0.101464
-0.203706
0.314853
-0.313465
0.379814
-0.301642
0.063469
-0.464576
0.605304
0.978098
0.325262
0.361037
0.490194
0.302967
0.686419
1.214918
0.234053
-0.442538
-1.073258
-0.070843
-0.042585
-0.463351
-0.153801
0.540076
0.525127
0.066497
0.829739
-0.824636
-0.110675
0.131644
-0.287558
0.646693
0.976389
-0.948383
-0.666771
0.356203
-0.250025
0.396698
0.895427
-0.584082
0.535266
0.285039
0.988033
-0.031842
-0.674283
-0.025236
-0.704849
-0.058347
0.694028
-0.453083
-0.513626
0.032003
0.671435
0.463004
-0.653727
-0.443646
-0.792859
0.868594
-0.490224
-0.012903
0.080709
0.246540
-0.366209
0.057098
0.298157
-0.032981
-0.582923
-0.904045
-0.478590
-0.554393
-0.294936
0.730045
0.426586
-0.938459
-0.504607
0.812260
0.292651
0.189290
-0.074285
-0.251071
0.722864
0.342205
0.676703
-0.347820
-0.473597
0.776962
0.108043
-0.384453
0.714987
0.629978
0.602644
-0.204304
-0.123482
-0.763565
0.856141
-0.804683
0.323748
-0.690595
-0.625570
0.244770
-0.664394
-0.370142
0.439551
-0.571210
-0.168983
0.880063
0.691892
0.591817
-0.496708
-0.246377
-0.455526
0.885771
0.896373
-0.715366
-0.480327
-0.657035
-0.907762
0.627716
-0.041488
0.807225
0.257694
-0.438844
-0.378972
-0.871622
-0.144514
-0.486349
-0.673159
-1.399176
-0.694628
-0.679005
0.816420
0.684922
0.523951
0.111228
0.402603
0.567459
-0.561877
0.161498
0.527724
0.073218
0.867354
-0.672693
0.060983
0.746433
-0.347390
0.580687
-0.910602
-0.255151
0.208403
0.047909
-0.484996
-0.566842
0.538111
-0.297981
-0.677325
-1.149407
0.169107
-0.183310
-0.351207
-0.238922
0.775856
1.298851
0.907829
-0.162640
0.053685
-0.193752
-0.692023
0.367658
-0.808945
-0.896289
-0.466707
-0.929115
-0.510046
0.606485
0.817317
0.142564
0.187172
0.906715
0.878630
-0.625996
-0.206747
-1.159674
-0.367989
-0.803712
0.384682
0.668544
0.346493
0.516654
-0.351056
0.923765
0.830172
1.217696
0.771931
0.032318
-0.665473
-0.792843
-0.837360
-0.156242
0.609615
-0.619639
-0.024860
-0.834804
-0.548754
0.465093
0.771681
-0.731437
-0.401125
-0.135461
-1.261785
-1.122695
-0.120358
-0.247565
-0.228342
-0.599489
0.791297
-0.460193
0.811134
0.167516
1.157151
-0.840688
-0.904723
-0.096215
0.720287
0.222510
-0.490545
-0.736255
0.589609
-0.391106
0.123207
0.219457
-0.010745
-0.901653
0.384653
0.440501
0.559757
0.079222
0.194140
-1.478778
-1.401830
0.095194
-0.846204
0.282521
-0.042045
0.746321
0.888440
0.046416
-0.540910
0.118545
0.080867
0.381818
0.355255
0.425880
0.160155
0.262606
-0.200381
0.570895
0.546606
-0.590557
-0.820211
-0.330187
0.628900
0.169044
-0.230983
-0.082722
-0.592281
-1.011236
-1.002175
-1.357059
-1.039683
-1.038196
-0.836824
0.166057
0.561989
0.152673
-0.326515
0.251168
0.878506
-0.272059
-0.282747
0.313026
-0.155921
-0.794422
-0.299523
0.899250
0.491658
0.520282
0.470146
0.038264
0.929726
0.649935
0.696015
0.591518
-0.278006
-0.499269
-0.323818
-0.101339
-0.539383
-0.468151
0.513489
0.133178
-0.140376
0.867551
-0.793468
-0.344891
0.497271
0.198753
-0.547915
0.144812
-0.822056
0.018150
-0.620972
-0.088327
0.243710
0.099692
-0.189077
-0.264632
-0.380025
-0.718931
0.787772
-0.354384
0.953753
0.512890
-0.585572
-0.384796
0.373549
-0.477830
-0.720299
-0.078766
0.594234
0.768315
-0.728248
-0.476748
1.128493
-0.672613
0.465827
0.147266
0.823057
0.443565
-0.874779
0.953030
-0.519780
-0.475564
-0.135297
0.723930
0.624129
0.675624
-0.543435
-0.683669
1.017740
-0.686485
0.063789
0.979369
0.282826
-0.434668
-0.581999
0.654596
0.550091
0.036354
-0.456685
0.038507
-0.560789
-0.417787
0.472412
-0.264683
0.058725
-0.325827
0.648389
-0.124931
-0.859773
0.795865
-0.171901
-0.379553
-0.679699
0.692800
-0.655472
0.959541
0.488004
0.018829
-0.347612
0.846832
0.042038
-0.329320
-0.091111
-0.523435
0.794184
0.611494
-0.693264
0.045184
-0.584156
-0.207113
-0.444780
0.390240
0.367949
0.914842
-0.986099
-0.552780
-0.386331
0.686613
0.322288
-0.246104
0.482478
-0.849612
0.374341
0.805306
0.873658
0.893024
1.087056
0.536771
-0.196921
1.175279
-0.403275
0.717848
0.171449
0.976956
-1.072846
-0.670007
0.304068
-0.355792
-0.683234
-0.735214
0.596349
-0.258416
0.675265
-0.026923
-0.330831
0.701327
0.420297
0.282838
0.387939
-0.257415
-0.961357
-0.127674
-0.099923
0.440887
-0.121898
0.142951
0.544846
-0.086932
1.123276
0.992326
-0.382738
-0.445479
0.117394
0.267639
-0.738851
0.513380
-0.923232
0.834145
-0.744516
-0.653585
-0.899105
0.851717
0.088366
0.776159
-0.175207
0.757535
0.477486
-0.754910
0.040372
-0.134575
-0.012325
0.090007
0.779384
1.052814
-0.335951
-0.336822
-0.210402
0.855970
-0.094483
-0.290278
0.332117
0.202884
0.049112
-0.518634
-0.540190
0.283194
-0.997205
-0.463422
0.117339
-0.741721
-0.117007
0.218234
-0.890005
0.971359
-0.005607
-0.065211
0.728894
-0.528122
0.178787
-0.231826
0.336067
-0.831349
0.846269
0.072892
-0.935365
-0.611896
0.533566
-0.274983
0.952538
-0.688376
0.229602
0.222713
0.497211
-0.721286
0.704079
0.957021
0.561908
0.706874
-0.506401
-0.320754
0.965153
0.376592
0.897480
-0.924852
0.347951
-0.108128
0.009937
0.076845
0.363669
-0.807871
0.846566
-0.298545
-0.637000
0.698401
0.773736
-0.594892
-0.972962
0.256381
0.070582
0.979576
0.568005
-0.699816
0.202288
0.065216
-0.421103
-0.093633
0.022237
-0.859195
-0.386759
0.515837
-0.179949
-0.421606
-0.107571
-0.282469
-0.346458
-0.759620
0.609404
0.663478
0.317225
-0.026846
0.853294
0.163336
0.674208
-0.789337
-0.144182
0.448406
-0.383766
-0.117144
-0.295213
0.686816
-0.137568
-0.727208
0.987000
-0.935280
0.338009
-0.434102
-0.028912
-0.639754
-0.293297
0.584329
0.876083
0.526754
-0.837277
-0.231488
-0.755715
-0.183736
0.008892
0.853689
-0.520258
-0.673883
-0.173157
-0.666964
0.489453
-0.498949
-0.456300
-0.654729
0.949457
0.159934
0.228127
-0.345756
-0.153250
-0.909441
-0.072964
-0.166250
-0.844720
-0.734955
0.399647
0.126368
-0.374709
-0.893650
-0.289303
-0.498626
0.633104
-0.126581
0.269886
0.877389
0.689683
-0.723058
0.729242
-0.832776
-0.397149
-0.444123
-0.497538
-0.905652
0.058972
0.046162
-0.560381
0.008429
-0.793905
0.667746
0.662672
0.052845
0.758305
-0.410291
0.886595
0.913585
-0.145246
0.286243
0.039953
0.480151
0.392712
0.750760
0.981536
0.045826
-0.352969
0.236156
-0.170634
-0.862957
0.172441
-0.709514
-0.780994
-1.062152
0.189402
-0.012825
-0.770673
-0.748944
-0.968203
-0.331059
0.259485
-0.762103
-0.663308
-0.077843
0.290742
-0.905002
0.511866
0.207628
-0.955872
-0.597715
-0.523766
0.097014
0.888770
1.109463
0.009687
0.947982
-0.200245
0.480159
0.028669
0.450520
0.253193
-0.908294
-0.687251
-0.790533
-0.244040
0.611198
0.205818
-0.026225
0.862259
0.237623
0.642721
0.121744
0.475520
0.979413
-0.925807
-0.200129
-0.840082
0.767643
1.081668
-0.563281
1.186353
-0.236340
0.094637
0.825548
-0.521962
0.996792
0.530516
-0.125161
-0.051725
-0.902312
-0.474750
-0.053987
0.270330
0.355553
0.287126
-0.969561
-0.039506
-0.483023
0.004214
-0.177247
0.754600
-0.353065
0.974788
0.272127
-0.258166
1.095179
1.295684
0.250146
0.736130
0.884511
-0.399555
0.020288
-1.411111
0.156811
-0.257145
-0.416311
0.866287
-0.334254
0.443045
0.127436
0.500105
-0.306512
-0.708212
-0.204749
-0.964807
0.602088
-0.174310
-0.004313
-0.880935
0.829905
0.848731
0.949625
-0.400899
0.945004
0.573554
0.622968
0.884142
-0.034587
0.440180
-0.361011
-0.691548
-0.917906
-0.304718
0.706266
-0.168273
1.170115
1.042769
-0.490570
-0.091628
0.821197
0.551192
-0.660342
-0.560559
0.839866
0.134909
-0.525367
0.441954
0.960599
0.500611
0.662197
0.911707
0.520764
0.740096
-0.332198
0.237921
-0.599144
-0.244753
-0.778898
0.065126
0.166992
-0.676961
0.141462
1.326821
0.544829
-0.507708
-0.483540
0.068187
-0.821980
-0.357311
0.688644
0.817430
-0.836944
-0.971698
-0.743129
-0.997078
0.163211
-0.238205
0.532896
0.263049
-0.549671
-0.086061
0.242810
0.865584
-0.544933
-0.167793
-0.789792
-0.314536
-0.242567
0.824661
0.486965
1.416324
1.351182
0.688880
0.798052
-0.424741
0.489327
0.782554
0.162676
0.426419
-0.631889
-0.148680
0.243850
-0.468834
-0.120378
0.525050
-0.359061
-0.824688
-0.705527
0.814952
0.195996
-0.349679
-0.049832
-1.213339
0.423543
0.030426
0.334105
-0.063417
0.313497
1.658605
1.823578
0.723135
0.910672
0.513536
-0.520948
0.032543
0.560497
0.681131
-0.215710
-0.276827
0.107550
0.152401
0.574493
-0.624311
0.782305
-0.405361
0.705503
-1.181257
-0.618988
-0.705767
-0.945933
0.615979
-1.022841
-0.617480
0.544427
-0.156145
0.395822
1.034231
0.534021
0.599351
0.105654
-0.133939
-0.850438
-0.635233
0.978231
-0.647857
0.393729
0.538728
-0.966727
-0.821981
-0.738099
0.165113
0.482633
0.835460
0.138230
-0.463385
-1.139896
-0.003995
-0.045555
-0.375138
0.101943
-0.304204
-0.728688
1.140256
-0.129911
-0.625815
-0.514829
0.399817
0.338369
0.480441
-0.674150
-0.973668
-0.977785
-0.738418
-0.611855
-0.999554
-0.386276
0.781875
0.539175
-0.328385
1.018928
0.744278
0.329138
-0.445540
-0.013637
-0.443942
-0.864459
0.837498
-0.435855
0.378806
-0.104726
-0.761769
-0.399787
-0.207730
-1.152994
0.533811
0.267286
-0.519138
-0.127882
-0.396478
0.690323
0.018645
-0.410447
0.712538
0.280226
-0.022302
0.712984
0.912407
-0.208024
0.144939
-0.916927
-0.806559
-0.654078
-1.213246
-0.915256
-0.162900
0.847858
-0.502381
-0.077137
-0.339974
0.704302
-0.023727
-1.182093
-0.310664
-0.716289
-0.691727
-0.502629
0.902225
-0.323287
0.178799
-0.572483
-0.632965
-0.802557
0.017070
-0.920427
0.454328
1.029490
0.721290
0.171344
-0.613786
-0.184331
0.777223
0.563219
-0.486378
-0.660575
0.551721
0.108448
1.103397
0.878325
0.165256
-1.171623
0.459684
-0.496083
-0.561021
-0.447115
0.337122
-0.343923
-0.149857
0.104746
0.332789
-0.971058
0.532263
0.699824
-0.780134
-0.426551
0.793650
0.740493
-0.507581
0.736428
0.200928
0.508720
-0.525481
-0.459601
-0.748356
-0.185419
0.234883
-0.826758
0.312288
-0.286741
-1.039900
-0.384297
0.171184
0.776836
0.747942
0.532728
-0.836834
-0.105862
-0.811195
0.013309
0.998884
0.521594
0.023590
0.610867
0.278164
0.589451
-0.467064
0.559159
0.141774
-0.150441
-0.773916
-1.490618
0.523566
0.038991
-0.057363
-0.450966
0.686218
-0.973944
0.038731
0.228103
0.420082
0.091910
-0.624597
-0.490977
-0.294158
0.970023
-0.958249
-0.130992
-0.135839
-0.769444
0.852865
-0.081272
0.941760
0.178077
-0.040686
0.447112
-0.540273
-0.370530
0.648752
-0.118181
-0.315622
-0.672401
0.006469
-0.142361
0.600335
-1.009945
0.817335
0.467532
-0.431379
-0.232493
0.104440
0.863002
0.673290
0.365937
-0.627975
-0.620868
0.335960
-0.586224
0.196579
-0.727248
-0.108965
0.375647
0.586361
-0.012835
-0.555859
0.460087
0.260630
-1.002989
0.559775
0.177078
0.143811
-0.318250
0.764107
-0.509927
-0.765250
0.459861
-0.025799
0.862266
0.325286
0.396329
-0.560216
-0.683180
0.259331
-0.886926
0.682757
0.631356
-0.506608
0.131016
-0.733661
0.997656
0.783168
0.257243
0.551134
-0.218155
0.127307
-0.184609
0.568857
-0.723734
-0.163108
0.603631
0.732936
-0.463004
-0.211303
0.531905
0.387604
-0.141877
0.376569
-0.904185
-0.472637
-0.410969
0.492144
-0.032853
-0.094149
-0.285408
0.082150
-0.313842
-0.469425
0.758582
0.751984
0.009801
0.685108
0.175667
0.228876
-0.873078
-0.297223
-0.908890
0.040859
-0.285900
-0.184447
-0.590253
-0.549010
-0.628166
-0.090039
0.269077
-0.845941
-0.911830
0.977848
0.472017
-0.816015
-0.494789
-0.938953
0.639246
0.466359
0.055501
-0.364383
-0.223668
0.470750
-0.050533
-0.649765
0.323287
0.209611
0.329720
0.810003
-0.775914
0.433375
-0.201078
-0.499301
-0.424679
0.812103
0.151836
0.022854
-0.489385
0.680610
0.885792
0.685215
0.830188
0.973962
0.663063
0.302205
-0.842053
-0.868016
0.330652
0.909623
0.717955
-0.573481
-0.546895
-0.335721
1.406557
0.625396
-0.192835
0.368298
-0.454536
0.892475
0.285119
-0.323900
0.308158
-0.864843
0.244739
-0.840534
-0.904814
-0.554517
0.122242
-0.457059
-0.877533
0.008034
-0.771845
0.952656
-0.018004
0.901876
0.265518
0.109595
-1.002998
-0.410080
-0.399074
0.295950
-0.121259
0.354838
1.232546
-0.105320
-0.661772
-0.912755
0.704487
-0.438915
0.996769
-0.080112
0.284645
0.344858
0.054528
-0.489826
0.452922
0.133857
-0.045728
-0.424836
0.676797
0.076739
0.583197
0.904953
0.029395
-0.434806
0.759139
-0.772196
0.522141
0.688404
-0.126471
-0.321059
0.641635
0.990154
0.990344
0.454865
-0.354845
-0.777339
0.660662
-0.433042
-0.159025
0.628192
0.486846
-0.874379
-0.026949
-0.458626
-0.364205
-0.574027
0.675231
0.590067
0.001136
0.352028
-0.333194
-0.410207
0.262440
0.704204
0.157851
0.071977
1.040659
-0.033008
0.054344
-0.012045
0.571038
-0.535402
-0.266546
0.448673
0.913715
0.418004
0.671334
0.574377
0.984963
-0.487691
0.202569
0.471809
-0.362070
-0.824381
-0.986817
0.273724
-0.398408
0.688414
-0.136209
0.602728
0.040442
0.532558
-0.810669
-0.695599
0.265161
0.383809
0.360054
0.209571
-0.806429
-0.740614
-0.909924
0.725074
-0.276016
-0.176470
0.173747
-0.362301
-0.758466
-0.154919
-0.787925
-0.773503
0.357390
0.414644
0.698305
0.995320
0.590263
0.711488
0.269044
-0.808145
0.399901
-0.867165
0.794583
-0.559657
0.663432
0.981645
-0.262235
-0.109770
0.318234
-0.911661
-0.902517
0.509487
-0.652275
-0.812441
0.234561
0.071709
0.011089
-0.591692
0.709407
0.252623
0.253389
0.921483
0.479119
-0.389221
0.336127
0.177424
-0.393901
-0.073610
-0.111088
0.875143
0.118245
-0.711186
-0.992021
-0.087171
-0.270843
0.671411
-0.105526
0.466922
-0.438359
-0.787293
0.555261
-0.340876
0.722194
0.902985
-0.153317
-0.043246
-0.025306
0.857771
0.365062
-0.315899
0.110394
-0.381549
-0.394416
-0.410487
0.229230
0.941711
0.766937
0.835329
-0.131899
-0.344150
0.710472
0.986346
-0.080603
0.693185
-0.128403
0.669287
0.385328
0.793649
0.140742
0.953741
-0.993644
-0.303997
-0.389374
0.728550
-0.401011
0.457309
-0.314695
0.573683
0.315080
-0.949633
-0.742216
-0.574526
-0.331182
-0.136632
0.014818
0.897879
-0.233980
-0.257793
0.676410
0.580034
0.339999
0.341057
0.545410
-0.623788
0.198949
-0.311282
-0.792150
-0.382256
-0.646485
0.197000
-0.496335
-0.639844
0.894451
0.114291
-0.912743
-0.508009
-0.428400
-0.227438
-0.934326
0.886681
-0.167393
-0.693830
-0.705302
0.422356
0.074487
0.038884
-0.022975
0.582778
-1.288833
-0.243322
0.293062
0.241326
-0.551973
0.284776
0.933786
0.793015
0.925475
0.999182
-0.717069
-0.762886
0.182533
-0.214852
-0.405628
0.075536
0.899439
-0.318371
0.567527
-0.519282
0.462435
0.614474
-0.667582
-0.848055
0.622050
-0.757711
0.588260
-0.028490
0.971294
0.232767
0.087603
-0.941217
-0.690386
-0.265553
0.539785
-0.115336
-0.938082
0.573563
-0.409660
-0.989106
0.567729
-0.140346
-0.755931
-0.249738
0.644802
-0.161559
0.825798
0.553920
0.530963
0.377038
-1.004976
-0.424410
-0.422793
-0.787113
0.361810
0.099416
0.196888
-0.092585
-1.239954
-0.172097
-0.848001
0.328425
0.105257
-0.492450
-0.969815
-0.238605
0.324222
-0.812557
-0.618913
0.887758
-0.803968
0.948817
-0.252587
-0.559899
-0.300921
-0.598107
0.289425
-0.489375
0.849317
-0.493885
0.728138
1.035805
1.020487
0.336149
-0.577125
-0.125936
0.556257
0.226428
-1.173624
-1.102343
-0.515244
-0.770947
0.299132
0.511939
-0.312436
0.379000
-0.647639
0.993732
0.566811
-0.266552
0.881490
0.762844
-0.317735
-0.361418
-0.782892
0.373666
-0.089884
0.379914
0.854413
0.117114
-0.260001
1.150660
-0.084427
-1.128525
-0.460382
0.002108
-0.171671
-0.491924
-0.443363
0.122031
-0.313546
0.038448
0.378846
-0.930677
-0.437378
-0.970712
0.447469
-0.085017
-0.976981
0.014280
0.648431
0.914188
-0.149099
-0.698733
-0.585177
-0.097597
0.819919
0.925109
0.044461
0.850173
-0.501108
-0.567535
0.068014
0.060702
-0.553805
-1.133292
-0.513779
0.776697
-0.183303
0.288197
0.046993
0.661571
-0.733744
-0.661257
0.728821
-0.171122
-0.631969
0.176289
0.743861
-0.599265
-0.745353
0.359362
-0.793699
-0.099559
0.872773
0.364530
1.507744
0.779597
-0.535701
-0.642604
-0.281724
-0.362580
-0.127616
-0.692847
-0.741100
0.831091
-0.447781
-0.014120
0.936296
0.660009
-0.770429
-0.188924
0.277230
-0.504172
0.149819
0.006051
0.324706
0.529611
-0.754379
0.023311
0.804843
-0.669783
-0.211026
-0.320243
0.808042
-0.409616
0.322134
0.269683
0.436688
0.416721
0.564722
-0.407212
-0.648364
-0.335657
-0.164459
-0.357436
-0.116838
0.903579
0.602020
-0.388255
0.492640
0.831591
0.422821
-0.230130
-0.672581
-0.410910
0.879518
0.526445
-1.072525
0.746533
-0.031764
1.273187
-0.307536
0.599851
-0.388961
0.708378
0.160363
0.259968
0.007704
0.053859
-0.155661
-0.509138
0.446643
-0.001866
0.608419
-0.145107
0.596314
-0.699246
-0.299474
0.198334
-0.087501
-0.806835
0.029925
-0.632460
0.030006
0.280138
-0.268946
-0.668973
0.204639
0.110675
0.104135
0.955624
0.329862
0.035858
-0.321374
0.370998
-0.206901
-0.616211
-0.396797
0.677557
0.090875
0.157039
-0.577943
0.003238
-0.940037
0.824609
0.742409
0.656277
-0.874637
-0.557065
-0.145389
0.031946
-0.310589
0.856592
0.362900
0.363907
0.322877
-0.380550
-0.285026
-0.248946
0.457918
-0.071957
0.640499
-0.712796
-0.872386
-0.047588
0.709089
-0.190445
0.168841
1.007454
-0.451440
-0.507273
0.011319
-0.257719
0.349535
0.071282
-0.433111
0.091944
-0.272441
-0.352720
0.567560
0.573251
0.645152
-0.955079
0.520851
0.444645
1.100928
-0.336166
0.041283
-1.313662
-0.458470
-0.452649
0.116797
0.098291
0.170553
0.346651
0.972629
-0.498025
1.050669
0.067220
-0.661271
-0.604782
0.436686
0.350049
0.137498
-0.213778
-0.578669
0.654074
0.880247
0.133766
-0.485642
0.425829
-0.123809
-0.513202
0.613643
-1.031677
-0.431150
-0.394196
-0.679103
-0.632320
0.409687
0.949678
0.704058
-0.189483
0.062002
-0.709716
0.871254
-0.255082
-0.359384
0.784124
0.647352
-0.020655
-0.820658
0.084038
-0.670606
0.292570
0.872466
-0.328063
0.101607
0.853771
1.157548
0.637901
0.157921
-0.803579
-0.097041
-0.988122
-0.696208
-0.374792
-0.887095
0.805269
0.681998
0.625998
0.746140
-0.356684
-0.759450
-0.525048
-0.112307
0.980896
0.051170
0.528309
0.765020
-0.301479
-0.492345
0.894120
0.700152
-0.257076
0.200386
0.847647
0.977297
-0.403504
0.550037
0.342927
0.467907
-0.753135
-1.104696
0.181784
0.311267
0.011996
-0.768344
0.635249
-0.187213
0.409836
0.014418
-0.721294
-0.923560
0.137655
-0.308833
-0.035867
0.118551
0.742337
-0.507558
-0.135082
-0.623762
-0.022998
-0.239341
-0.668664
1.177904
-0.566225
1.113717
0.558898
-0.854191
-0.098675
-0.342251
-0.880210
0.700101
0.117057
0.498192
0.187702
1.013312
0.393789
-0.380319
-0.345495
-0.254880
0.526066
-0.059459
-0.178440
-0.336279
0.631708
0.785692
0.802215
0.359988
-0.793876
-0.352293
0.802888
0.585651
0.896319
-0.680238
0.183128
0.334753
0.557654
-0.693948
0.767458
-0.081166
0.589751
-0.686931
0.224574
-0.444349
0.470811
-0.799501
-0.539118
-0.320518
-0.263124
0.118014
0.424601
-0.737058
-0.941445
-0.753837
-0.067370
0.693690
-1.020143
-0.404206
0.059741
-0.461103
0.785480
0.355993
0.733838
-0.203888
-0.185925
-0.671692
-0.921762
-0.256431
0.358402
-0.528825
-0.916883
-0.183598
-0.518039
0.069467
0.179275
0.775382
0.236977
0.639305
-0.545136
0.973853
-0.242681
0.879468
-0.757235
-0.197881
-0.914546
-0.104320
-0.728588
-0.878554
0.802050
0.749437
-0.252697
0.323314
-0.539806
-1.167182
-0.989966
0.253003
-0.489724
-0.432405
-0.818754
-0.998460
-0.017782
-0.766146
-0.300526
0.405389
0.279733
0.879122
0.180771
-0.483290
0.518427
0.635635
-0.513146
-0.732631
0.445238
-0.398959
-0.189350
0.263440
0.818742
0.485654
0.736063
0.772830
0.081897
-0.809280
-0.075186
0.447478
-0.779976
0.079875
-0.036180
0.108581
0.704067
0.185277
0.083809
-0.333595
0.407688
0.783471
-0.928206
-0.312579
0.662593
0.252565
0.203847
0.180736
-0.120392
0.554360
0.238976
-0.709527
-0.687295
-0.448224
-0.871082
-0.486402
-0.749908
0.954512
-0.853900
0.425116
-0.865093
0.102232
-0.067805
-0.570735
-0.787450
0.917231
0.509904
0.905835
0.101533
-0.406286
-0.427760
-0.490779
-0.622815
-0.355966
0.196642
-0.960222
0.896599
-0.670515
0.164878
-0.234614
-0.899842
-0.333145
0.179202
-0.533189
0.227964
0.195922
-0.169824
0.371914
0.074357
-0.093545
-0.313566
0.182262
0.992905
0.618629
0.611527
-0.794545
0.535860
0.121431
-0.888710
-0.362607
0.715145
-0.316470
0.146614
-0.907670
0.327719
-0.656589
-0.852123
0.241410
-0.248089
0.368422
-0.969711
-0.145313
-0.968298
0.179232
0.357014
0.256417
-0.570817
-0.812604
-0.371491
0.503540
0.093851
0.314942
-0.314198
0.086756
-0.066429
-0.702671
0.292211
-0.530569
0.418760
0.403501
0.106824
0.133905
-0.912969
-0.746562
0.227500
0.415877
-0.403249
0.358913
-0.360840
0.340732
-0.288751
-0.352281
-0.819780
-0.258283
0.844777
0.537234
0.998134
-0.726040
0.724630
-0.373358
0.777500
-0.181519
0.941585
-0.536698
0.905238
-0.124844
-0.239370
0.197449
0.344587
-0.820610
-0.399050
-0.548589
0.313295
-0.312019
-0.295152
-0.460469
-0.897424
0.301542
0.897874
-0.258667
-0.357734
-0.390877
0.389051
-0.177514
0.350839
0.233827
-0.640281
0.348973
0.507787
-0.915651
0.975615
0.285287
-0.097170
0.917200
0.748588
-0.191932
-0.207644
-0.490781
-0.994484
-0.863057
-0.311391
-0.393534
-0.411647
-0.998096
0.294447
0.293201
-0.458565
0.397023
-0.405256
-0.560691
-0.861644
0.237009
0.048432
0.527406
-0.940505
-0.600729
-0.238767
-0.580786
0.748244
-0.730980
-0.496437
0.723859
0.554307
0.406393
0.641059
0.302895
-0.785539
-0.566585
0.812114
-0.780023
-0.429643
-0.499277
-0.173557
0.158666
-0.497417
-0.879158
-0.548583
0.043568
0.517913
0.046655
0.498024
0.656269
-0.716335
-0.468197
0.183675
-0.656840
-0.068926
0.944908
-0.237627
-0.320682
-0.786071
0.265936
-0.596823
0.768235
-0.327671
-0.940086
0.087071
-0.089035
-0.498093
-0.019883
0.204006
0.102493
0.449817
1.020643
-0.801969
0.815424
-1.006907
-0.355475
-0.010834
0.583957
0.705285
-0.585971
0.225490
0.986156
-0.054168
-0.588041
-0.667890
0.876907
-0.643133
0.094483
-0.443775
-0.415202
-0.625580
-0.002170
-0.583179
0.023909
-0.033877
0.377004
0.658854
0.198205
-0.971978
-0.130746
-0.470455
0.623408
-0.092281
-0.468501
0.629392
0.073945
0.414334
-0.508167
-0.417161
0.099931
-0.091344
0.813917
0.088881
0.854488
-0.774124
0.420991
0.745043
-0.401810
-0.433370
-0.648543
0.093954
-0.044534
0.246279
0.339413
0.901681
-0.796021
-0.125143
0.795083
0.584947
0.487937
0.059303
-0.448983
-0.063426
0.755614
0.026052
-0.541064
-0.163896
-0.608090
-0.067891
0.413256
0.491842
0.840764
0.227173
-0.419277
0.708901
0.462151
-0.951369
0.434795
-0.984017
-0.674626
0.720857
0.323971
0.528207
0.243811
-0.194900
0.414981
0.313481
0.715482
0.576601
0.288882
-0.082928
0.878146
0.190888
0.674219
0.798394
-0.797586
-0.908234
-0.373983
-0.405675
0.023875
-0.960727
-0.913834
-0.121359
0.276103
-0.259737
-0.387872
-0.400568
-0.513297
1.005360
-0.201117
0.375454
0.544089
0.754986
-0.555002
-0.383300
-0.475025
0.792109
1.070139
-0.751926
-0.093426
-0.257936
-0.024443
-0.003808
-0.976905
-0.353795
-0.206720
-0.774491
-0.262030
0.419297
-0.180166
0.775847
0.482205
-0.015946
-0.263036
-0.347056
0.634786
0.287680
0.405420
-0.687900
-0.110507
-1.211236
0.081869
-0.342199
-1.029895
-0.910421
0.624766
-0.179072
0.895371
0.345923
-0.042733
-0.095175
-0.772196
0.973998
0.892127
-0.749101
-0.379797
-0.314593
-0.523592
0.372175
-0.856603
0.392739
0.295661
0.504522
-0.516940
1.029184
-0.476531
0.815903
-0.376133
0.019739
-1.555440
-1.347440
0.515146
0.095214
-0.027688
-0.820554
0.402927
-0.472029
-0.115340
0.344385
0.925181
0.830011
-0.765958
-0.847015
0.804009
-0.873831
-0.596116
-0.551819
-0.158154
0.000691
0.966316
0.046665
-0.473231
0.242284
-0.251865
-0.567072
-0.577904
-0.680878
-1.405574
0.131822
-1.038932
-0.978806
0.983943
-0.389295
0.616481
-0.298390
-0.424014
0.065790
0.182406
0.358171
-0.598708
0.107587
0.188182
-0.364666
0.260572
0.023779
-0.194566
0.784204
0.595101
0.642896
-0.219606
0.314534
-0.367102
-0.238648
-0.998336
-0.244014
-0.175055
-0.643106
0.231815
0.334357
-0.308546
-0.557770
0.505778
-0.860410
-0.238013
0.040344
-0.313467
0.180865
-0.896580
0.868939
-0.460964
-0.495288
-0.023474
0.761972
0.221792
-0.646857
-0.211859
1.219466
1.263920
-0.748782
0.458752
-0.615398
0.031848
0.513361
-0.208363
0.015806
-0.020288
-0.420850
-0.393700
-0.088361
0.683055
-0.365986
0.010989
-0.051949
-0.462788
0.577675
0.985040
0.223746
-0.241459
-0.911540
0.092685
0.332753
-0.312322
-0.796114
0.156088
1.095307
-0.388080
0.750269
0.526135
-0.996768
0.544946
-0.215321
-0.866554
-0.139718
0.021588
1.345173
0.271171
-0.569955
-0.721622
-0.039494
-0.212410
0.637418
0.354045
0.582985
-0.442875
0.891257
0.160660
-0.457835
0.115003
0.937392
-0.278641
-0.756259
0.161809
0.461341
-0.467294
-0.687041
-0.153749
-0.426910
0.643791
-0.644487
-0.699439
0.327063
0.510673
0.741202
0.578606
0.150856
0.589761
0.858282
-0.133569
0.403915
-0.432916
0.456782
-0.032589
0.921129
0.039767
0.524536
0.812387
-0.774365
-0.837148
-0.105504
-0.960638
-0.329425
0.385807
0.605384
1.165135
0.437441
0.117220
-0.568522
0.586537
0.192093
0.145320
-0.416620
0.712228
0.505944
-0.526335
-0.336149
1.038045
0.552222
-0.759256
-0.273491
-0.145119
-0.192172
-0.816709
0.822293
-0.271043
0.247854
0.411236
-0.629186
0.080656
0.316511
0.658228
0.751791
-0.413244
-0.036292
-0.163910
-1.097590
-1.430090
-0.824799
-0.513873
-1.311336
-0.937987
-0.304579
0.017227
0.573149
0.638551
0.061330
0.960737
0.496808
-0.472804
-0.798519
-0.776683
0.382077
0.009309
-0.579390
0.217267
0.481479
0.166105
-0.782770
-0.881792
0.027973
1.067385
0.827349
-0.653367
-1.295019
-1.145362
0.018329
-1.374424
-1.067209
0.815603
0.012973
-0.518211
1.018215
0.463114
0.182351
0.405327
-0.051129
-0.795165
0.366063
-0.554321
-0.267969
0.567544
-0.317221
-0.823966
-0.602475
-0.376086
0.052005
-0.718498
-0.288012
0.966979
-0.503345
0.390225
0.344402
-1.322622
-1.059071
0.541632
-0.575840
0.874093
-0.833219
0.205901
0.868004
0.046124
0.448288
0.718291
-0.567030
-0.381805
0.123618
0.381841
-0.176970
-0.510319
0.839866
0.535458
-1.106863
-0.708892
0.346473
-0.239882
0.765379
0.198034
-0.092381
-1.004394
-0.514430
0.054476
-1.308025
-0.754896
0.772162
-0.551651
-0.183671
-0.246241
-0.738681
-0.364451
0.651606
0.984736
0.654521
0.087458
0.703027
-0.912509
0.705653
-0.173355
0.484811
-0.494822
0.265535
0.248520
-0.877397
0.758341
1.345355
1.189470
-0.723538
0.358550
-0.199731
-0.238993
0.611388
0.487770
-0.442223
0.954324
-0.405731
-0.401016
-0.895539
-0.108619
-0.023810
-0.709830
0.510610
-0.384640
-0.725094
0.165131
0.702818
0.977934
0.261798
0.352564
-0.169668
-0.184643
1.094378
-0.443720
-0.485747
-0.634496
0.712665
1.076685
0.982802
0.499645
-0.073456
-0.694552
-0.512319
0.092835
-0.648132
0.080412
-0.483572
-0.603016
0.348709
-0.431587
0.293195
-0.682615
-0.141417
-0.196194
-0.067256
0.133490
0.982939
-0.425530
0.100092
0.356910
-0.990028
0.919141
1.020263
1.075719
-0.730687
1.167868
-0.904788
0.562767
0.576250
0.593611
0.001177
0.150491
-0.490243
0.541183
0.757320
-0.600848
-0.546672
-0.728103
-0.195626
0.799444
-0.159690
-0.902431
-0.883171
0.698893
-0.098625
0.035832
-0.182762
-0.088667
0.787340
0.750336
-0.961519
0.650140
0.775769
-0.965215
0.461677
0.494047
0.605974
0.437544
0.609636
0.885789
0.574766
-0.518044
-0.255184
0.761227
0.955200
-0.502993
-0.818900
-0.594065
-0.231096
-0.014526
-0.794621
0.609213
0.079893
-0.680942
0.351015
1.042138
0.382596
-0.801869
-0.066296
0.094125
-0.817239
-0.047729
-0.334263
0.814350
-0.069789
-0.463761
0.853354
0.012111
-0.791124
0.268902
-0.248129
0.697205
0.730439
0.476202
0.475794
0.684342
0.973209
0.656893
-0.909723
-0.257887
-0.357633
-0.704345
-0.648674
0.742413
-0.359779
0.625377
0.630562
0.866099
0.715552
-0.504799
-0.033565
0.807447
0.512648
0.837071
0.828317
-0.506857
-0.670916
0.669136
0.472827
-0.462040
-0.061962
-0.775302
-0.764835
-0.331523
0.700899
0.710958
-0.647181
0.674108
0.367851
-0.556904
-0.613929
-1.019932
-0.335455
-0.310502
0.624702
0.232455
-0.630891
0.389844
0.329554
-0.776018
-0.989985
-0.607182
-0.888886
0.521174
-0.774538
0.939430
-0.985683
-0.445454
0.608566
0.487144
0.092506
-0.453396
0.711842
0.327670
0.215081
0.412741
0.038628
0.567900
0.086850
-0.593520
-0.989031
0.503795
-0.634676
-0.301692
-0.729471
-0.847758
-0.893657
-0.302422
0.597783
0.452619
-0.075504
0.607797
0.845437
0.035610
0.128971
-0.929101
-0.024960
0.143289
-0.374555
-0.416394
0.052061
0.060017
-0.081859
-0.098617
-0.219911
0.124695
0.094217
-0.696300
-0.003844
-0.243104
-0.422469
-0.300411
-0.411726
0.359439
-2.791436
-0.832581
-0.544403
-1.542648
-0.158004
-2.448856
-2.419459
1.519560
1.553244
0.732153
0.811749
1.105003
0.529237
-0.292893
-2.130713
1.642495
-1.105172
-2.366939
0.822310
-2.314115
-1.300345
-2.076828
0.405741
-1.364291
1.080596
-0.509451
-1.911086
0.629710
-2.060576
-2.556344
0.703152
1.766880
-1.622222
1.576964
-1.268169
-0.350051
-0.053373
-0.898286
-2.117181
1.220754
-1.803046
2.529216
0.249196
1.250475
-1.526512
-1.494973
1.862333
-1.456682
0.943033
0.533000
1.119398
-1.259377
-0.099517
0.089820
-2.569927
-1.624403
-1.904785
-2.002973
-1.660894
1.116289
-1.028273
0.154954
-0.890487
2.186292
-2.082186
1.760753
0.177448
-2.679980
0.779079
1.100623
-1.321644
-0.349757
1.445288
0.987711
-1.836273
-2.012905
-0.335627
-0.218495
-1.992172
-2.741588
1.742015
0.043818
-0.985563
1.971196
-1.515408
0.466400
2.282249
1.547016
-1.966556
-1.434140
-0.023822
0.903511
-0.093194
-1.903214
-1.706271
-0.033008
0.194590
-0.538235
-1.495368
-3.363732
-2.134248
2.110875
0.987166
1.272519
1.053423
-0.907416
-0.520051
-1.547652
-2.908269
0.143466
1.709670
-2.555198
-0.971756
-0.341809
2.334948
-0.604880
-2.114713
0.977846
-0.716963
-1.429837
-2.096266
-1.789025
-1.218836
-2.143746
-1.257485
-2.184599
-2.236477
-0.987331
