-0.013677
0.032207
-0.029799
0.018601
-0.029128
-0.031147
0.001391
-0.004242
0.008660
-0.031243
-0.024507
0.030738
0.022965
-0.035570
0.022459
0.001440
-0.005557
0.004674
-0.013130
0.015096
-0.003256
0.022779
-0.029892
-0.017395
0.005951
0.006118
0.025381
-0.032650
0.010308
0.021411
0.005531
0.032300
0.017950
0.011401
0.015232
0.024491
0.015923
-0.019046
-0.015420
-0.011087
-0.014620
-0.004257
-0.016017
-0.027324
-0.004159
-0.029227
0.009785
0.025953
0.011116
0.032323
0.005380
-0.027809
0.019434
0.011156
-0.009535
-0.010284
-0.018394
-0.019823
-0.007265
0.027582
-0.034080
0.033936
0.024213
0.019539
0.009668
0.003777
0.008360
-0.010078
0.020399
0.028610
0.014504
-0.029889
-0.011317
0.034156
-0.021544
0.020193
-0.030740
0.023909
0.010477
0.016045
0.020563
-0.019812
0.023905
0.004329
0.027013
-0.021299
0.029713
-0.027050
-0.005453
-0.013220
-0.035137
-0.003864
-0.014953
0.024745
-0.019994
0.030384
-0.007147
0.024035
-0.015364
-0.022416
0.016976
0.034809
-0.016637
-0.030010
0.033296
-0.002512
0.025852
-0.033112
-0.014272
0.000660
0.018601
-0.029377
0.016517
0.006837
0.010620
0.007862
0.021207
0.004665
0.016481
-0.019915
0.027113
0.017013
0.011890
-0.023509
0.006089
0.027565
-0.028794
0.034611
0.015931
-0.008489
-0.023474
-0.002762
-0.009348
-0.004442
0.002897
-0.011721
0.028715
-0.006919
-0.009164
-0.021226
0.029410
-0.026232
-0.014934
0.010258
0.016275
0.031354
-0.017549
0.001813
0.000350
0.034601
0.017567
-0.008205
0.015945
-0.006212
0.003955
-0.013634
-0.014316
0.010830
-0.014692
-0.034054
-0.033328
-0.002497
-0.001147
-0.007007
0.028731
-0.033918
0.016941
0.021777
-0.005169
-0.027892
-0.035118
-0.011428
-0.018454
-0.014383
0.034499
0.033489
-0.018698
-0.018718
-0.000367
0.017321
-0.019786
-0.018469
-0.026553
0.031828
0.010988
0.013070
-0.017476
0.032341
-0.011769
0.003501
0.033956
-0.009427
-0.034664
-0.002859
0.019235
0.029735
-0.001109
0.000507
0.015844
0.029391
0.008284
0.016395
-0.017706
0.025499
-0.033658
-0.018876
0.023319
-0.016687
-0.001925
-0.012717
-0.035035
0.013958
0.004482
-0.025919
0.010116
-0.020199
0.022820
0.028309
-0.023527
-0.024617
-0.003858
-0.025239
0.001624
-0.002854
0.007570
-0.014810
-0.008787
-0.029208
0.021366
-0.028612
-0.035485
-0.006019
0.023451
-0.017523
-0.016189
0.025462
-0.000729
-0.028539
-0.026893
0.033014
-0.005588
-0.026259
0.011303
0.034563
-0.016510
-0.014250
-0.021304
-0.029359
-0.021609
-0.009162
-0.018307
0.010202
0.001267
0.018986
-0.028321
-0.026832
-0.031493
-0.001439
-0.020370
0.025541
0.005618
-0.020187
-0.016146
-0.006600
-0.002041
0.003333
-0.016807
0.032899
0.010463
-0.008031
0.030244
-0.030794
0.001378
0.005879
-0.031899
0.020537
0.027298
-0.017535
0.026848
-0.029980
0.008972
-0.027128
0.015890
-0.025430
0.027526
0.023238
-0.016593
0.031702
-0.013869
-0.001294
0.021574
0.027417
0.014188
-0.030241
-0.014852
-0.023522
0.008761
0.004011
-0.026292
-0.016445
0.031648
-0.031716
-0.011570
-0.002642
0.009831
-0.007800
-0.017774
0.001460
0.010334
-0.026595
0.007149
-0.016363
-0.018054
-0.012629
-0.006124
-0.026197
-0.025060
0.012952
-0.030164
-0.003260
-0.024011
0.027079
-0.011512
0.025846
0.032506
0.009306
-0.033345
0.005598
-0.022353
-0.023967
0.024822
-0.026373
-0.020014
-0.022417
0.006653
0.025486
0.005452
0.024549
-0.008722
-0.019883
0.033623
0.034096
-0.000577
-0.020100
-0.014202
0.028967
-0.010628
-0.003593
0.006251
-0.005123
0.028816
0.017908
-0.013713
-0.018365
0.008085
-0.016875
0.026610
0.010410
0.024392
-0.031412
0.022111
0.013545
-0.022116
-0.033572
0.026797
0.020206
0.027583
-0.003420
0.009086
-0.016808
0.012367
0.007040
-0.018382
-0.023879
0.022609
0.003085
-0.030581
-0.023688
0.035161
0.011339
0.006858
0.028308
-0.006422
0.028814
-0.025726
-0.034005
-0.023730
-0.034785
0.012074
-0.035007
-0.030528
-0.001484
0.014207
-0.016976
0.000613
0.005335
-0.032439
-0.007473
-0.033753
0.012316
0.011388
0.014282
-0.016313
0.028675
0.026072
-0.029373
-0.003909
0.031160
-0.017392
-0.004417
0.006830
0.025136
-0.011778
-0.035261
0.018281
-0.001835
-0.033597
0.030220
-0.000952
0.014146
0.030882
0.004189
-0.023007
0.009420
0.022882
0.013275
-0.020913
0.026112
-0.029866
-0.018998
0.002759
0.017190
0.030953
0.022115
0.010196
0.021356
0.028411
-0.029382
0.016847
-0.024649
0.001870
-0.011992
-0.035183
0.025760
-0.011584
0.018767
-0.011744
-0.009512
0.013319
0.022973
-0.031035
0.008532
-0.008507
-0.018373
-0.017717
-0.021294
0.030570
-0.002961
-0.030851
-0.034965
0.013710
0.007578
0.017894
0.008994
-0.005976
-0.007579
-0.005319
-0.013234
-0.001292
-0.024140
-0.002214
-0.035091
-0.000463
-0.001728
0.026339
0.023622
-0.018629
-0.021074
-0.021559
0.030358
-0.033770
-0.016925
0.003221
-0.006608
0.000370
0.021173
0.007767
-0.004728
-0.017457
0.012586
-0.004025
0.031921
-0.015506
-0.021799
0.005247
0.014187
0.006291
0.035597
-0.034715
-0.030670
-0.024212
-0.001261
-0.030092
0.010994
0.032680
0.031916
-0.001054
-0.021618
-0.024827
0.013056
-0.026928
-0.022927
0.031800
0.011962
0.006134
-0.003499
-0.002534
-0.021768
0.027441
0.015678
0.026487
-0.012252
0.011931
-0.024688
0.001617
-0.018491
0.025168
-0.027761
-0.018563
0.026122
-0.022762
-0.007107
-0.010808
-0.017185
-0.031782
-0.013796
-0.020938
0.002833
0.000255
-0.010096
-0.019779
0.008996
0.002646
-0.023648
-0.014711
-0.026890
0.008521
0.018424
-0.012988
0.000294
-0.001567
-0.022171
0.023711
-0.025305
-0.011190
-0.010341
-0.008128
-0.021690
-0.002433
0.008978
-0.031237
0.010473
-0.033798
-0.006376
0.028957
-0.029911
0.015496
-0.027649
0.008591
-0.019918
-0.002076
0.024481
0.024747
-0.035100
-0.034836
-0.025634
-0.026320
0.009354
0.028459
-0.003640
-0.026021
-0.008777
0.009858
0.033358
0.001587
0.034338
-0.012651
0.029128
-0.023021
0.020584
0.002436
-0.018590
-0.004611
0.004307
0.010702
-0.011323
0.010065
-0.009470
-0.003303
-0.017013
0.006281
0.030289
-0.028201
-0.004641
0.030858
-0.027368
0.005395
-0.031131
0.017654
-0.001815
0.000898
0.027302
0.025077
-0.024913
0.024992
-0.009006
-0.026244
-0.023328
-0.015547
-0.013596
0.032925
0.022559
0.003482
-0.007355
-0.008803
-0.021484
0.016991
-0.034407
0.004715
-0.021981
-0.015751
-0.024673
-0.027361
-0.008283
0.006355
-0.032171
0.000018
-0.023919
-0.027633
-0.017997
0.009934
0.008933
-0.026363
-0.000658
0.019690
0.034297
0.026005
0.029115
-0.024700
-0.025210
-0.020151
-0.027444
0.033017
0.019001
0.000869
-0.011455
0.033185
-0.017808
-0.010193
0.002231
-0.004121
0.009726
0.013227
0.004188
-0.034226
-0.016086
0.007685
0.001461
-0.004336
0.015721
0.019133
-0.030071
-0.011014
0.028439
0.004940
-0.026994
0.027067
-0.004723
-0.033548
-0.033302
0.005735
-0.018029
-0.025078
0.003083
-0.034698
0.011461
0.027297
0.034157
0.029321
-0.018564
0.000719
-0.010468
0.026830
-0.021722
0.029388
0.028273
-0.002140
0.001405
-0.005934
0.029193
-0.018543
-0.022470
0.034791
0.006111
-0.029700
0.004062
0.014786
0.033036
0.035008
0.016908
0.035403
0.005074
0.034547
-0.025344
-0.027512
0.035518
0.021786
0.035454
0.034006
0.015438
-0.018779
-0.000944
-0.030700
-0.027617
0.013003
0.034357
-0.035012
-0.024806
0.000093
-0.005278
-0.031282
0.017219
0.007921
-0.032159
-0.012339
0.013890
0.007572
-0.033221
0.011257
0.006910
0.019355
0.010990
-0.023685
0.018233
0.021315
-0.015528
0.018082
0.007432
-0.015742
0.016419
-0.012799
0.001148
-0.020194
-0.007830
0.009200
0.028478
-0.009141
0.009856
-0.031997
0.026621
-0.031090
-0.027609
0.008170
0.012499
-0.024100
0.031500
-0.009280
0.019140
0.033947
-0.033692
-0.009618
0.017633
0.012968
0.002366
0.000198
-0.001386
0.022507
-0.017389
-0.029622
-0.028905
0.034699
-0.006752
0.007912
-0.021163
0.021087
-0.018557
0.000000
-0.028354
-0.023723
0.026968
-0.024682
-0.032772
0.031547
-0.016623
0.011067
0.008377
-0.005054
0.006899
0.034766
-0.021583
0.005177
-0.034594
0.004468
-0.012858
0.014043
-0.028835
0.023008
-0.023012
0.029340
-0.030049
-0.016965
-0.035233
-0.031019
0.011951
0.008348
-0.016513
-0.002631
0.025460
-0.009198
0.009315
0.016759
0.001789
0.012212
0.012637
0.020835
-0.012389
-0.014655
-0.019888
0.030178
-0.015557
-0.005801
-0.000314
-0.014482
0.034335
0.022496
0.035229
-0.030169
0.009836
-0.023451
0.034840
0.015455
-0.004748
0.035276
0.020106
-0.028465
0.007955
-0.032076
0.004573
-0.002254
-0.005606
-0.021781
-0.021164
0.031852
0.026099
0.027142
0.017018
-0.021959
-0.023181
0.032799
-0.027450
-0.003069
-0.008671
0.007905
0.018118
-0.010004
-0.005267
0.017678
-0.004504
-0.031100
0.029896
-0.005333
0.020024
-0.010521
-0.005726
0.004461
-0.003318
-0.033439
0.008053
-0.034414
-0.000025
-0.033221
-0.020526
0.014481
0.034300
-0.030096
0.005954
0.015649
-0.016386
0.018442
0.012780
-0.008167
-0.020296
-0.031560
0.035407
0.033491
-0.005895
-0.005529
0.015500
0.025270
-0.000960
0.009727
-0.015732
-0.016605
0.034875
0.014212
0.023525
-0.004112
0.016441
-0.004091
-0.002857
-0.019252
-0.001643
0.012286
0.030897
-0.003012
0.017859
0.001182
-0.023032
-0.034195
-0.016044
0.025416
-0.006693
-0.000671
0.029525
-0.006954
-0.002849
-0.012039
0.023186
-0.023018
-0.022438
-0.013443
0.022377
-0.002501
0.005620
0.021583
-0.023958
-0.006524
-0.018198
0.028152
0.025054
0.014615
-0.026769
-0.012258
-0.008768
-0.031541
0.020399
-0.026578
0.005310
0.033035
-0.025104
0.024935
0.022783
0.003872
-0.011405
0.016639
0.032586
0.021414
-0.031068
0.020103
0.034065
-0.017837
-0.029009
0.020773
0.015331
0.012280
0.006687
0.027042
-0.029912
0.024159
0.019526
0.030811
0.003104
0.028425
-0.017116
0.030005
0.032553
-0.032386
-0.032241
0.002195
-0.035020
-0.021677
-0.008539
0.023432
0.017864
0.015724
0.004402
0.014782
0.001469
0.009003
-0.000784
-0.000135
0.026835
0.005876
-0.015031
0.006497
-0.017513
0.027326
-0.002129
-0.011757
0.015815
-0.018273
-0.016615
-0.016749
-0.025516
0.001938
-0.022413
-0.028631
0.005220
-0.018985
0.009232
0.005869
-0.004993
-0.034976
-0.006367
-0.022798
0.016417
0.033704
0.027653
-0.017782
0.007038
-0.008800
0.017752
-0.001796
0.032745
-0.032948
-0.030968
-0.020437
0.030047
0.002571
0.003475
0.010193
0.019967
0.022528
0.029113
0.030120
-0.011203
-0.028968
-0.034180
0.029687
-0.012285
0.010721
-0.000113
0.018391
0.011414
0.029189
0.031262
-0.007838
0.027224
0.023246
0.010048
-0.001407
-0.021222
-0.007869
0.032465
-0.024146
-0.005148
-0.034172
-0.008915
-0.010770
0.004068
0.030229
0.035092
-0.011634
0.017088
0.028536
-0.017182
-0.029783
0.035236
-0.015694
0.035572
-0.012717
0.030696
-0.000209
-0.029995
0.006441
-0.006689
-0.034402
0.034271
-0.015135
0.024514
0.008651
0.019127
-0.032377
-0.034887
0.015923
-0.020855
-0.004366
0.017420
0.005899
0.020532
-0.014181
0.000459
0.019955
0.009854
-0.018122
0.012822
0.028340
-0.012236
0.012389
-0.023022
-0.012333
0.035341
-0.027995
0.023127
-0.030323
0.014114
-0.019231
-0.029056
0.012717
0.001303
0.031127
-0.014302
-0.015239
0.034418
-0.013520
-0.034985
-0.022105
0.017783
0.018104
0.019463
0.002646
-0.031746
-0.015747
-0.013068
0.013776
0.001800
0.035422
0.006448
0.025232
0.012143
0.019094
-0.022769
0.011815
0.026768
-0.035311
0.017161
0.005213
-0.018873
0.023774
-0.017739
0.018098
0.019231
0.003628
-0.032809
0.017981
0.025777
-0.032125
0.031545
0.007891
0.021647
0.015338
-0.025132
0.025570
0.035260
-0.002531
0.003677
0.001391
-0.002778
-0.025544
-0.009046
-0.026304
0.029220
0.003854
0.021180
0.020319
0.004212
0.002672
-0.010137
0.021007
-0.009224
0.007793
0.003437
-0.025661
-0.024248
0.006296
0.027989
-0.034139
0.009839
0.023865
0.009421
-0.004182
0.003534
0.019957
-0.014282
0.003126
-0.018243
0.025064
-0.031153
0.014648
0.035190
-0.004530
0.024013
0.028740
0.034993
0.009524
0.013390
0.003536
-0.023473
-0.032416
-0.011126
0.002972
0.011046
0.027979
0.012980
0.022467
-0.001393
0.005301
0.023997
-0.027223
-0.006503
-0.002251
0.004263
0.032700
-0.017963
0.025650
0.000157
-0.000537
0.015046
0.004673
-0.021558
0.014567
-0.035526
-0.033214
0.007638
0.035136
0.011979
-0.014641
0.003003
0.024175
-0.011388
0.027546
-0.008521
0.035327
0.019857
-0.031210
0.022126
-0.017205
0.009760
0.010454
-0.008760
-0.032413
-0.027467
0.031172
-0.035381
-0.009761
0.021154
0.000444
0.025371
0.000531
-0.030552
-0.031857
-0.020571
-0.030409
-0.029402
0.022736
-0.030941
0.018246
-0.027573
0.007731
0.006752
-0.003292
-0.000392
0.033899
-0.003634
-0.016203
-0.032979
-0.017177
0.002260
0.012449
0.028946
0.029169
0.015705
-0.034190
0.024673
0.015993
-0.008282
0.010158
-0.019232
-0.018580
-0.024979
-0.014115
-0.014768
-0.009881
-0.008855
-0.008501
-0.022814
-0.004128
-0.025924
-0.014719
-0.032065
0.016497
0.017658
0.003212
0.014727
-0.021645
0.022677
0.017417
-0.003153
-0.010731
-0.005803
-0.009876
-0.017231
-0.025767
-0.008397
-0.028227
0.025895
0.018989
0.017600
-0.029006
-0.035260
0.028290
-0.007452
-0.014359
-0.017261
0.019361
0.012809
-0.004406
-0.020435
0.022554
0.016544
-0.016832
0.003382
-0.001467
0.022049
-0.017560
0.012557
0.009057
0.035526
-0.026265
0.033995
-0.005946
-0.000472
-0.018905
0.003956
0.026799
-0.011463
-0.005817
0.010119
-0.029532
0.000845
0.010528
0.034427
0.029062
0.031838
-0.018503
0.012754
0.008978
0.012760
0.027988
-0.004137
-0.006364
-0.024513
0.034914
0.027837
0.033205
-0.018315
0.004726
0.006594
-0.018457
0.014129
0.004920
0.011266
-0.022012
0.021684
-0.020447
-0.030882
-0.025448
0.009404
0.014907
-0.019311
-0.025419
-0.010234
-0.020553
-0.032026
-0.014064
-0.003387
0.016397
0.030583
-0.026296
0.008716
-0.009223
0.003008
0.019872
-0.009978
-0.004823
0.017409
0.007377
0.035571
-0.011666
0.024588
0.014032
0.028922
0.000185
0.027689
0.014937
0.015407
0.032476
0.025158
-0.010858
0.011714
-0.029822
-0.000608
-0.034189
-0.014707
0.003035
-0.012584
0.017575
-0.016237
-0.017670
0.026948
0.028148
0.008776
-0.005713
0.012351
0.034467
0.025133
-0.005909
0.006175
0.025036
0.018094
-0.004905
0.003399
0.011348
0.030948
-0.004581
-0.009384
0.010686
-0.007774
-0.019895
0.035497
-0.031729
-0.014048
-0.000780
-0.030249
0.006914
-0.033414
-0.007164
-0.011180
-0.013982
0.010835
-0.019901
-0.021503
-0.016058
0.010055
0.026517
-0.017260
-0.000481
-0.015060
0.024585
-0.011114
-0.032635
-0.015990
0.027954
0.014381
-0.020710
-0.012296
-0.030672
0.025645
0.015599
-0.014898
0.025473
0.019539
0.006723
-0.010975
0.024959
-0.022032
-0.008720
-0.017874
0.002457
0.012967
0.028629
0.018225
0.027133
-0.023098
-0.007389
0.017981
-0.004688
0.027799
-0.032748
-0.015773
-0.018984
-0.029714
0.003907
-0.026699
0.020336
0.018865
-0.003326
0.025333
0.008841
-0.023397
-0.025233
-0.001355
0.031811
0.017158
0.023338
0.021101
0.030795
-0.021051
-0.032442
-0.002416
0.027585
0.031856
-0.019860
0.019049
-0.026911
0.008419
0.001362
0.004070
0.000550
0.004283
0.023966
0.017235
0.010238
-0.007797
0.026205
-0.005095
-0.024600
-0.012790
-0.015431
0.019909
-0.000518
-0.004995
-0.017115
-0.004376
-0.023506
-0.029445
-0.018944
-0.028379
-0.014827
-0.015718
0.004873
-0.022911
-0.019531
0.020682
0.031808
-0.010773
-0.006568
-0.002499
0.028966
0.029651
-0.033885
0.017263
0.011217
0.012022
-0.026203
0.001753
-0.028742
-0.015134
0.024631
-0.008504
-0.030894
-0.011556
0.022169
-0.012339
0.019737
0.034332
-0.006116
-0.034876
-0.029716
0.014726
-0.014925
0.010826
0.027485
0.001214
-0.004161
0.023623
0.026110
0.024940
-0.014545
0.019407
0.018921
-0.012761
0.001000
0.000000
-0.005531
0.034929
0.010467
0.031891
-0.029482
0.031001
0.020853
-0.002317
-0.035561
-0.026371
-0.015816
-0.012232
0.029035
-0.017153
0.017321
0.029827
-0.011200
-0.003621
-0.020766
0.035295
-0.011805
0.016117
-0.004535
-0.023851
0.006557
-0.015264
-0.002727
-0.009705
-0.032012
0.020181
0.026965
-0.001874
0.019441
0.001762
-0.005652
0.025629
-0.002905
-0.020467
-0.012357
-0.002798
-0.011170
0.007496
0.020639
-0.017804
0.026011
0.002292
-0.023645
-0.020857
0.034339
-0.008743
-0.021231
-0.013135
-0.028295
0.009902
-0.001317
0.013932
0.030307
0.031625
-0.031442
0.033964
0.016137
0.031191
-0.003579
-0.000091
-0.002715
0.026439
-0.010131
0.030048
-0.029698
0.013181
-0.008418
-0.005199
-0.014992
-0.023448
0.012666
-0.024650
0.014513
0.024689
-0.009838
0.013183
-0.019722
0.004599
-0.035621
-0.012348
-0.021167
-0.001269
-0.034085
-0.026529
-0.005313
-0.029858
-0.028234
-0.024845
-0.034336
0.003856
0.010733
-0.001382
-0.005374
-0.035067
-0.007002
0.000597
0.013783
0.020249
0.031067
0.034460
0.032470
0.008064
-0.025858
0.011314
-0.002915
-0.000028
-0.011172
0.013032
-0.031097
-0.011124
-0.034984
-0.016596
0.023276
-0.033401
-0.007456
-0.017706
-0.027590
-0.000022
-0.006882
-0.026257
-0.031835
-0.031818
0.008030
-0.001541
-0.031216
-0.034641
0.034725
0.018236
0.021276
0.030123
0.017028
0.018077
0.002519
0.026838
-0.006278
0.035273
-0.008859
0.018219
0.012636
-0.004287
-0.028574
0.013321
0.014786
0.030371
0.015589
-0.028339
-0.023004
0.023667
0.007308
0.005783
0.033079
0.011141
0.009633
0.005441
-0.026068
0.014086
0.006468
-0.027012
-0.003346
-0.007924
-0.032557
-0.021987
-0.025516
0.005631
-0.030818
0.003875
0.005235
-0.004008
-0.013575
-0.017797
0.027374
-0.006480
0.031192
0.006491
-0.011778
0.011112
0.013820
0.000887
-0.000889
-0.014541
-0.028999
-0.003479
0.032269
0.016303
-0.033707
-0.029467
-0.005279
0.008430
-0.020810
0.027043
-0.035163
-0.017698
-0.030613
-0.025010
0.023602
-0.025762
0.014534
-0.006832
0.005899
-0.034709
0.011040
-0.002396
-0.005520
0.006563
-0.031574
0.018371
-0.017993
0.017915
-0.016411
0.016786
-0.032295
-0.009741
-0.022361
0.035644
-0.029107
-0.020399
-0.029493
0.001282
0.023700
-0.014634
-0.007343
0.024206
0.003337
-0.002287
0.034865
-0.008730
0.007620
0.013731
0.020107
-0.022150
0.014690
-0.004523
0.011123
-0.026499
-0.033628
0.015218
0.027541
-0.015953
-0.002535
-0.024539
-0.034836
0.000839
0.001389
-0.021528
0.000814
0.007951
-0.006259
0.006990
-0.026435
-0.018228
0.028025
0.001890
-0.029691
-0.004307
0.035272
-0.030495
0.022631
0.007224
0.018905
0.007069
0.020743
-0.002074
-0.033123
-0.003802
0.007096
-0.031082
-0.024253
-0.001032
-0.011367
0.008880
0.010099
-0.010533
-0.025949
-0.024181
0.003607
0.010533
0.019439
0.033017
-0.018146
0.028672
-0.020880
-0.025790
-0.005106
-0.014902
0.005571
-0.005503
-0.009728
-0.007467
-0.033948
-0.026492
0.035271
0.022464
0.007103
-0.033521
-0.017007
-0.021470
-0.028935
-0.005592
0.013168
-0.004632
-0.032380
-0.012403
0.020503
-0.022661
-0.000915
-0.011558
0.023541
-0.017146
-0.014210
-0.030274
-0.024142
0.000579
-0.020395
0.006420
0.021346
0.020845
-0.034751
-0.024050
-0.022291
-0.033030
-0.014873
-0.022689
0.025102
0.027898
-0.020542
-0.027574
-0.029240
-0.013807
0.002504
0.019596
0.017229
0.005793
-0.028475
0.002063
0.018801
0.006278
0.026174
0.006673
0.024801
-0.023705
0.012068
-0.035010
0.012543
0.027342
0.007079
-0.001779
0.012518
0.007997
0.009839
0.025896
0.010635
0.030635
-0.032462
0.000069
0.022864
-0.017335
0.008164
0.029293
0.004526
-0.025002
0.013220
-0.013914
0.016460
0.020414
0.023818
-0.000408
-0.008977
0.014323
-0.029404
-0.019844
0.026287
0.018333
-0.019185
0.003161
0.010007
0.023563
-0.034287
-0.013144
-0.004109
0.011221
-0.022917
-0.029143
0.006187
-0.019711
0.006594
-0.006618
-0.001378
-0.020911
-0.012993
-0.032520
-0.010244
-0.035442
-0.010765
-0.029453
0.020640
-0.022616
0.005808
-0.024005
0.027376
0.012073
-0.008181
0.017994
-0.005263
0.008303
-0.014513
-0.030925
-0.003803
-0.013131
-0.008401
0.027756
0.033759
0.004351
0.034282
0.004277
0.020308
0.005207
0.033329
-0.016738
0.019964
-0.015334
-0.013590
-0.025949
-0.015107
0.011314
-0.019733
-0.030135
0.024367
0.021744
-0.018472
0.016074
-0.001853
0.009016
-0.001600
0.028553
-0.018350
0.019555
0.033297
0.013516
-0.029245
-0.010772
0.005603
-0.031155
0.029247
0.004216
0.008791
0.013887
-0.026246
0.006451
0.032818
0.029387
0.026786
-0.016441
-0.032230
-0.023989
0.030542
-0.016294
-0.018456
0.019239
-0.030220
-0.001259
-0.000356
0.003596
-0.027912
0.033713
-0.003519
-0.010593
0.017599
-0.005891
-0.032746
0.024023
0.019005
0.008526
0.028537
0.012584
-0.022927
0.001660
-0.009198
-0.013504
-0.027557
-0.012050
-0.019786
0.034898
0.007178
-0.016348
-0.024761
0.002051
0.003027
-0.007548
-0.014379
0.008476
0.026862
0.020935
-0.023597
0.034619
0.018979
0.008553
-0.011642
0.000909
-0.033007
-0.008719
-0.010737
0.021667
0.035476
-0.017868
-0.001418
-0.023119
0.019461
0.025052
-0.000955
0.027572
-0.022667
0.014928
0.026801
0.020180
0.034249
-0.033628
-0.013438
0.001607
-0.005507
0.007852
-0.025586
-0.014314
-0.006882
-0.013514
-0.015364
-0.023572
0.030708
0.008663
0.013006
0.033369
0.035613
-0.033400
0.019367
0.035420
-0.015599
-0.017720
-0.023368
-0.031806
-0.028337
0.011346
0.031435
-0.015335
-0.009394
0.022567
-0.030823
-0.010814
0.024608
-0.008592
0.026462
-0.016568
0.034929
-0.034792
0.004787
-0.007622
-0.012637
0.025092
0.004475
-0.017598
-0.001914
-0.018188
-0.019898
-0.001970
-0.015918
0.035138
-0.002219
0.004152
-0.018251
0.010082
0.008014
-0.010919
-0.014240
0.003781
0.009415
0.012034
-0.009321
0.014260
-0.034448
-0.020382
-0.030001
0.027683
-0.001281
-0.030741
0.028560
-0.032164
-0.002693
-0.019746
0.028597
-0.033887
-0.001676
-0.008986
-0.016406
0.014095
0.024713
0.003345
0.013564
-0.013174
-0.028172
0.030982
0.032577
0.015511
-0.015606
-0.017332
-0.016377
0.029477
0.030371
0.009970
0.008069
0.031592
0.025257
0.013737
0.023606
-0.011693
0.018665
0.016497
-0.008187
-0.019697
0.032419
-0.015259
-0.017916
-0.004926
0.011424
0.001347
-0.026500
0.000469
-0.030977
0.022733
0.022963
-0.023480
0.018046
0.019872
0.027699
-0.033229
-0.033129
-0.024347
0.031917
0.032911
0.021292
0.004317
0.028834
0.010881
-0.017615
0.016771
0.034857
-0.034619
-0.002401
-0.008999
-0.018648
-0.005651
0.011410
-0.000895
0.025092
-0.012835
-0.035216
0.034261
0.023303
-0.030524
0.021326
0.010597
-0.018336
0.003703
-0.005200
-0.026305
0.006143
-0.002660
-0.014983
0.002392
-0.005418
-0.029360
-0.028960
-0.012253
0.017190
-0.010907
-0.031151
0.016378
-0.009857
0.002116
-0.028290
0.007164
0.032134
0.018789
-0.029399
0.021558
-0.029715
-0.028946
0.020150
0.029257
-0.023802
0.005807
0.004185
-0.006469
-0.026158
0.034654
0.002895
0.015653
-0.003675
0.023581
-0.017624
0.026576
0.029890
-0.010915
-0.021346
0.011411
0.013847
-0.016829
-0.007880
-0.031679
0.020957
-0.000502
0.011154
0.017422
-0.017382
0.017424
0.003311
-0.011428
0.024146
-0.012208
-0.017840
-0.035324
0.029268
0.022013
-0.006124
-0.032559
0.020998
0.032440
0.018763
-0.018346
0.020352
-0.034529
-0.027439
0.014573
-0.009776
-0.013116
-0.009685
-0.031597
0.005724
0.018103
-0.027607
-0.008988
-0.018067
0.019216
-0.027235
0.000220
0.000971
0.011745
0.024460
-0.010551
0.035206
-0.029049
-0.010207
0.028806
0.028633
0.019338
0.031916
0.013963
0.016109
0.015010
0.031286
0.000792
0.016150
-0.031822
-0.020304
-0.029295
-0.009269
0.005679
-0.025223
0.032124
-0.011886
-0.017161
-0.012533
0.005715
-0.033614
-0.004099
-0.029734
0.003026
-0.028023
0.030395
0.028143
-0.028485
-0.034323
-0.017733
-0.035348
0.029979
0.000000
-0.034064
0.032237
0.008273
0.017714
0.011578
0.003890
-0.017163
-0.007941
0.007737
-0.001798
-0.001567
0.034136
-0.031788
0.008879
0.030591
-0.008005
0.027387
-0.017611
0.033379
0.029441
0.013959
-0.032024
-0.003202
0.021605
0.034040
-0.010727
0.028789
0.035386
0.007209
0.029110
0.029697
0.008814
0.025678
0.002300
-0.009141
0.001587
-0.029479
0.009365
0.029315
0.013927
-0.028102
-0.007920
0.012394
-0.024221
-0.034710
0.007316
0.003443
0.028345
0.025374
0.001153
0.022118
0.003664
0.004799
-0.016753
-0.010400
0.003170
0.008189
-0.017280
0.002888
-0.020271
-0.023839
-0.003085
0.024212
-0.033830
0.034884
-0.020598
0.003426
-0.030263
0.024436
-0.002928
0.019333
0.032003
0.024821
-0.003942
-0.027886
0.025780
-0.032294
0.011226
0.018456
0.028748
-0.023290
0.004905
-0.003256
0.017177
0.023821
0.022013
-0.015321
-0.003659
-0.030936
0.023235
0.011739
-0.019106
-0.015519
0.000282
-0.017267
-0.016303
0.015354
0.021828
-0.010897
0.004121
-0.016768
-0.027233
0.000456
-0.027616
0.004493
0.008238
0.033832
0.007868
-0.016205
0.016620
0.000948
-0.003826
-0.014144
0.033360
-0.022318
-0.025991
0.019704
-0.001970
0.006019
0.024437
-0.014404
-0.017910
-0.030338
0.005746
0.018041
-0.011936
0.025112
-0.002274
-0.025777
-0.021454
-0.033822
-0.006877
-0.013018
0.002303
0.001176
0.027144
-0.025127
-0.000661
-0.000657
-0.005663
-0.019709
-0.035378
0.026179
0.001816
0.033650
-0.031807
0.011494
0.017685
0.001892
-0.018156
0.006453
0.023156
-0.000397
0.011784
-0.006766
-0.018025
0.035516
-0.017323
0.015370
-0.025930
-0.003108
0.017217
0.002862
0.019542
-0.016149
-0.031631
0.011018
-0.005607
0.003377
-0.025308
0.024398
0.019336
-0.025018
0.014909
-0.014516
-0.027036
0.018771
0.032646
0.026318
-0.015007
-0.021178
-0.002898
-0.027519
0.014094
-0.026783
0.001384
0.031738
-0.026935
0.019729
0.011439
-0.017197
-0.019047
-0.007013
0.021334
-0.035174
0.012508
0.025372
0.011513
-0.028768
-0.006920
0.021873
0.031299
-0.023252
0.032524
0.010539
-0.002100
-0.030181
-0.006359
-0.005122
0.031806
0.014303
0.009368
-0.006761
0.022453
-0.012207
0.002125
-0.011833
-0.016138
0.010858
-0.027772
0.030970
0.029331
-0.011150
-0.011711
0.014996
-0.010655
-0.034873
0.004699
-0.034812
-0.027972
0.033448
0.022730
-0.032342
-0.025473
0.019585
0.013865
0.008096
0.025073
-0.028163
-0.032695
0.021210
0.021809
0.012342
-0.021220
0.008592
-0.035534
0.016574
0.032429
-0.016003
-0.008237
-0.031012
-0.020702
-0.014575
-0.006494
0.003256
-0.035248
0.018520
0.004052
0.005120
0.019377
0.011749
0.002899
0.006438
0.015075
0.013095
-0.009645
-0.006728
-0.014478
-0.020241
0.000778
-0.011504
-0.034701
-0.013083
-0.034831
-0.020252
0.031179
-0.034696
0.031991
0.027939
-0.015030
-0.011915
0.032595
-0.000063
0.009179
-0.009567
-0.032476
0.009600
-0.026716
0.007245
-0.020949
0.028330
-0.016676
0.017619
-0.000901
0.034069
-0.004955
0.025123
-0.008329
0.016236
-0.030788
0.028118
-0.030937
-0.029819
-0.020633
-0.030099
-0.014402
-0.025123
-0.029126
-0.018081
-0.032854
-0.008487
0.005673
0.035411
0.027118
-0.020817
-0.009825
0.030311
0.024451
-0.000872
0.001887
-0.032167
-0.008211
0.020880
0.021121
0.026557
0.019280
-0.019503
0.016010
-0.024718
0.032401
0.020892
-0.032269
-0.034204
0.026741
-0.017233
-0.028634
-0.023330
-0.006688
-0.022092
-0.005742
-0.003873
0.005090
0.035600
-0.004131
-0.003461
-0.020886
0.021713
-0.008819
-0.032104
-0.014828
0.028737
-0.028602
0.012629
0.013948
0.028188
0.003517
-0.002441
-0.026985
-0.016141
0.008510
-0.030252
-0.030919
0.011910
-0.028787
0.031491
0.030346
-0.021753
-0.027508
-0.012011
-0.008176
0.002419
0.019786
0.032583
0.002350
-0.020014
-0.006547
0.017133
-0.033970
0.020304
0.020698
-0.013129
0.013372
0.027764
0.035169
-0.008349
0.020283
0.003017
0.024879
0.028967
0.022544
-0.002280
0.034384
0.027294
-0.026039
-0.030072
0.023117
-0.031361
-0.016156
0.031278
-0.007703
0.011337
-0.001972
-0.023586
0.008251
-0.035291
-0.007932
-0.033964
0.017511
-0.006233
0.022008
0.002539
0.016307
-0.000289
-0.005365
0.015806
0.027031
-0.020751
-0.016846
0.016241
-0.027452
-0.029971
-0.021708
-0.028737
0.032992
-0.012078
-0.023140
0.020440
-0.007770
-0.003627
0.016049
0.020196
-0.027958
-0.021591
0.032278
0.015962
-0.021213
-0.011322
0.017667
0.031966
0.018114
0.004006
-0.001163
-0.001249
-0.031951
0.029141
-0.021111
0.030749
-0.027279
-0.002288
0.011321
-0.019062
0.003410
0.025282
-0.012130
0.000734
-0.022465
0.000399
-0.014495
0.005434
0.032441
-0.034114
-0.010039
-0.031187
-0.020037
-0.013430
0.020444
-0.005582
0.010916
0.002442
-0.009284
-0.006639
-0.029221
0.025221
0.027781
-0.025503
0.018693
-0.028999
-0.030423
0.027083
0.004382
0.016567
-0.027648
-0.027877
0.006180
-0.004109
0.008526
0.019384
0.031958
0.029699
-0.010851
0.028730
0.031254
0.014779
0.033213
-0.024452
-0.034320
0.017988
0.005635
0.012265
-0.015239
0.032020
-0.030042
-0.008791
0.021572
0.033408
0.001374
0.004597
-0.031260
0.006620
-0.003989
0.008791
-0.012482
0.004032
0.016583
0.029366
0.035592
-0.010561
0.013081
0.031881
-0.016530
-0.033439
0.024943
-0.020945
0.017009
0.022487
-0.009729
0.018358
0.004806
0.031575
-0.005046
0.025235
0.027926
0.000581
-0.019225
0.013830
-0.001681
0.017818
-0.017242
0.002728
-0.011230
0.014438
-0.024150
0.011956
-0.017199
0.028102
0.005653
-0.017276
-0.018128
-0.016934
-0.021063
0.001011
-0.014704
-0.031789
0.015735
-0.033364
0.026366
-0.029663
0.020663
-0.004497
-0.033756
-0.020052
-0.014930
0.029839
0.016197
0.001514
0.008000
-0.021152
-0.016337
0.026427
0.017245
0.008102
0.005196
0.028764
-0.015611
0.023667
0.021197
0.025711
-0.029278
-0.032599
-0.026892
-0.014672
0.004081
-0.005927
-0.010793
-0.015854
-0.003623
-0.020095
-0.009848
-0.018629
0.011077
-0.007935
-0.003012
0.031815
-0.013765
-0.022483
-0.002340
0.029904
-0.007966
0.016992
0.020663
-0.026390
-0.010575
-0.009810
-0.033294
0.009482
-0.021812
0.023572
-0.000475
-0.015421
0.026641
0.008301
0.005576
-0.004947
-0.033295
0.030452
0.014868
-0.001249
-0.025312
-0.030648
0.015791
0.021434
-0.002914
-0.022890
0.017580
0.018990
-0.009704
-0.020428
0.013226
0.017998
0.032233
-0.001781
0.027277
-0.014012
0.024078
0.029652
0.031140
-0.033402
0.017555
-0.005004
-0.013154
0.008528
-0.032372
0.028090
-0.032088
-0.029998
0.022873
0.018449
0.004422
0.033230
0.023470
-0.015455
0.018995
-0.015113
-0.002676
0.000907
-0.031792
0.023289
0.016147
0.017103
0.005618
0.012711
-0.020347
-0.002773
0.034368
-0.031937
-0.008790
0.029839
-0.029671
-0.026904
-0.010834
-0.007156
0.017292
-0.007537
-0.014735
0.020873
-0.001866
-0.027531
0.003653
-0.033112
-0.029969
-0.008546
-0.012899
0.024695
0.012010
0.020094
-0.010067
0.015887
0.007714
-0.029589
-0.002679
-0.022337
0.018791
0.012643
0.010559
0.017491
0.016375
-0.033900
0.011661
0.022373
-0.025136
-0.034841
-0.020452
0.027825
-0.006709
0.000482
0.013029
0.027094
0.008620
-0.018987
0.029650
0.014319
0.008137
-0.018918
0.003345
-0.015522
-0.034493
0.028947
-0.035304
0.008890
0.035027
-0.002314
0.022222
0.018149
-0.025339
-0.002888
-0.000029
0.026704
-0.001120
-0.024036
0.013409
0.009413
-0.023209
0.028625
0.001569
0.005751
-0.006562
-0.021071
-0.002824
-0.033611
-0.004388
-0.008843
0.016377
-0.031921
0.007908
-0.015946
-0.011774
0.009085
-0.022668
-0.011409
-0.017694
-0.023310
0.021947
-0.031141
0.030508
0.032276
0.001639
-0.005189
0.023312
-0.035150
0.006443
0.001051
0.009932
0.018904
-0.005992
-0.024168
-0.011014
0.023115
-0.009569
0.021830
0.025173
0.021711
-0.022681
0.005881
0.025459
0.020896
0.025604
-0.021983
-0.005688
-0.032733
0.002277
0.012287
-0.020374
-0.011445
0.016814
-0.025535
-0.014838
0.000000
-0.017216
0.004945
-0.027195
-0.016697
-0.024281
0.009525
0.028904
0.030292
-0.032136
-0.030932
-0.016391
0.026648
-0.004833
-0.030230
0.016152
-0.018790
-0.017242
-0.013636
-0.029000
-0.032015
-0.023701
-0.015315
-0.002034
-0.020765
0.022631
-0.025416
-0.005470
-0.024483
0.027067
0.004663
-0.003653
-0.025818
-0.026061
0.004821
-0.006846
-0.014673
-0.021323
-0.013611
-0.020050
-0.017790
-0.008874
-0.000773
-0.026811
0.021962
0.004666
0.025010
-0.032497
0.023093
-0.024295
-0.025829
0.026747
-0.012327
-0.005474
-0.010956
0.002577
-0.018512
-0.000703
0.032776
-0.007327
-0.009306
0.001771
0.024690
0.000545
0.011379
-0.006158
0.029368
0.032375
0.008188
-0.019911
-0.023344
0.026066
0.006883
0.011552
0.034924
-0.006823
-0.019450
0.024265
-0.003652
-0.032026
0.035639
0.006188
0.030390
-0.012356
-0.034955
-0.016235
0.025890
-0.017798
0.018731
0.022997
0.010544
-0.026244
-0.010902
-0.000435
0.009970
-0.035192
0.029075
0.003670
0.032852
0.001594
0.019427
-0.026161
-0.008008
-0.009358
0.021060
-0.008753
0.019487
-0.034059
-0.020157
-0.019833
-0.030416
-0.020187
0.022024
0.035642
0.003126
0.022738
-0.016261
-0.006654
-0.030729
-0.033199
-0.019326
0.015484
-0.023774
0.005442
-0.020620
0.021865
0.005919
-0.027214
-0.010134
0.003102
0.010049
-0.026376
0.012609
-0.033628
-0.000065
-0.002000
-0.006712
-0.016247
-0.000390
0.008799
-0.000411
0.004862
0.024281
-0.014056
0.004835
-0.008262
-0.026987
0.024243
0.020753
-0.022047
0.026712
-0.034241
0.029105
-0.032731
0.006870
-0.027184
0.024803
-0.022880
-0.018729
-0.021000
0.015890
0.026989
-0.011707
-0.007170
0.029030
0.023897
0.026500
-0.013351
-0.028018
-0.009560
0.031117
0.007239
0.030971
0.019730
0.028852
0.000138
-0.024201
-0.033804
-0.011288
0.032222
-0.020183
-0.020245
0.033649
-0.026746
-0.017307
0.004850
-0.018261
-0.028173
0.017639
-0.001321
-0.013504
-0.002140
-0.010000
0.010458
0.026359
-0.016639
-0.001313
0.017190
0.005679
0.006337
-0.028039
0.001127
-0.022092
-0.032736
-0.014812
-0.028909
0.003071
-0.003343
-0.027045
0.027451
-0.006791
-0.011559
-0.028462
-0.008810
-0.002636
-0.010100
0.031709
0.014771
-0.002604
0.013679
-0.022219
0.019562
-0.024130
0.003449
-0.005649
-0.033440
0.022479
0.028706
0.019419
-0.007511
-0.000625
0.027049
0.029285
0.012951
0.029982
-0.021195
0.019710
-0.002616
0.011131
0.028334
-0.010834
-0.031329
-0.018893
-0.003627
-0.004470
0.014139
0.021942
-0.008430
-0.006759
-0.016331
-0.030419
0.006691
-0.032438
-0.018881
-0.025528
-0.002418
-0.016652
0.032620
-0.009380
-0.032902
-0.010560
0.025663
0.029816
-0.016943
0.002945
0.024129
-0.002469
-0.013013
-0.014156
-0.027007
-0.020348
0.010679
-0.022667
-0.003572
-0.028617
0.008531
-0.025102
0.028994
-0.035567
0.003808
-0.023006
-0.030318
-0.025169
-0.019775
-0.013529
-0.015029
0.013476
0.005488
-0.018078
-0.031574
0.008255
0.007031
0.029758
0.002402
0.025757
-0.002965
-0.009137
-0.012381
0.019690
0.012375
-0.003720
0.035011
-0.012615
0.009282
-0.004229
-0.005563
-0.017856
0.006338
-0.012238
-0.017754
-0.025523
0.000425
-0.012402
-0.015023
0.016319
0.009737
0.005617
-0.005874
-0.020444
0.023208
-0.001779
0.023479
-0.005430
-0.007689
-0.009787
-0.015342
0.025014
0.016744
0.007946
0.009036
-0.006549
-0.031442
0.008378
0.016505
0.013508
-0.031520
-0.024727
0.031322
0.010487
-0.001295
-0.022101
0.020633
0.034799
0.001165
-0.030059
0.015449
-0.024766
0.011227
-0.026093
-0.009542
-0.001235
0.007797
-0.021731
0.029004
-0.035561
0.004150
-0.022006
0.025122
-0.014775
0.021609
-0.001511
0.014345
0.025835
-0.028801
-0.004819
0.003675
-0.024652
0.006123
-0.000672
0.021503
-0.030841
0.012896
0.006467
-0.031711
-0.021608
0.012077
0.019407
-0.010706
-0.012365
0.028983
0.015421
0.022069
0.001111
0.029359
0.015405
0.001219
-0.002160
0.029067
-0.009328
0.018734
0.015007
0.024830
-0.002590
0.005174
0.031697
0.028260
-0.026820
-0.028624
-0.001286
0.008176
0.028548
0.003542
-0.014597
-0.000653
0.007500
-0.000536
-0.024245
-0.008762
0.024427
-0.000941
-0.015448
0.004180
-0.014541
0.021332
-0.002130
-0.034805
-0.013118
0.031378
0.029932
0.013223
0.014444
0.009270
0.002384
-0.023815
-0.021225
-0.001588
-0.031224
-0.012376
0.005457
0.003158
0.031469
-0.001663
-0.028969
-0.018797
0.033352
0.014199
0.016336
-0.026561
-0.030231
0.005095
0.008167
-0.010011
-0.026394
0.029295
-0.024348
0.007144
0.030159
-0.001797
0.002854
0.024422
-0.024244
-0.018372
-0.001977
0.013809
-0.006518
0.012467
-0.023448
-0.002074
-0.035577
0.017678
-0.034584
0.031561
-0.019654
-0.027884
-0.022905
-0.021970
0.021984
0.029100
-0.012862
0.027422
-0.001474
0.030973
-0.018258
0.007800
0.024599
-0.006937
-0.020725
0.019090
0.026935
0.017798
0.007843
-0.032978
0.035095
-0.029803
0.016500
-0.007092
0.018334
0.028721
0.026503
0.018425
0.010731
0.027588
0.014317
0.026746
0.035372
0.027081
-0.030893
0.021688
0.020512
-0.008087
0.013441
-0.016631
-0.012782
0.030852
0.026838
-0.023852
-0.011754
-0.029555
0.030907
-0.020488
0.023911
0.003080
-0.017797
0.023337
0.008947
0.034371
-0.019424
-0.008389
0.027424
-0.028589
-0.025632
0.002485
0.034667
0.024353
-0.006438
0.034371
0.015766
-0.001662
0.020390
0.000609
0.025920
-0.001838
0.019647
-0.022531
-0.006655
0.010817
-0.010714
0.017259
0.016930
-0.015477
0.032440
0.005173
0.023273
-0.021027
-0.007159
-0.003450
-0.022324
0.009086
0.023831
-0.030569
0.016166
0.033867
0.007585
0.015164
0.022552
-0.034521
0.013866
0.002648
-0.000514
-0.001412
-0.032411
-0.010263
0.032418
0.022904
0.002874
-0.009906
-0.001948
0.027828
-0.028316
-0.020687
-0.023317
-0.031545
0.020155
0.035624
-0.016903
-0.022673
-0.003494
-0.003558
0.022082
-0.015333
0.001542
0.002579
-0.017134
-0.026542
-0.017926
-0.030251
-0.025394
0.031610
0.008066
0.009760
-0.005472
0.011323
0.035166
-0.008722
-0.001441
0.002371
0.017041
0.032280
-0.005469
0.024394
-0.024076
0.006882
0.028518
0.031748
0.006838
-0.024054
-0.026594
-0.032325
0.008057
0.031157
-0.011989
-0.026069
-0.001933
0.006545
-0.016942
0.015810
0.011963
-0.006667
0.011751
-0.015640
-0.032576
-0.029390
0.031352
-0.033079
-0.002443
-0.005759
0.004961
-0.021071
-0.009148
0.035160
-0.032346
0.002445
0.006374
0.031840
-0.001476
-0.022458
-0.027882
0.007598
-0.019114
0.015844
0.003086
0.004566
0.025443
-0.034516
-0.024558
-0.027168
0.016963
0.023074
0.001834
-0.006956
-0.028236
0.004927
-0.000677
-0.032553
0.007516
0.032549
-0.002643
-0.023192
-0.024191
0.023878
-0.023701
-0.020869
-0.009346
0.018342
-0.024698
0.024847
0.031553
-0.016911
-0.003224
-0.023230
0.034602
0.035532
0.017004
0.024376
-0.034653
0.028115
0.032878
0.017978
0.015520
-0.000957
-0.024646
0.022953
-0.031700
0.010346
0.026069
0.011485
0.007227
-0.012242
0.023962
0.018704
-0.024033
-0.035407
0.033504
0.002290
0.018603
-0.026862
-0.008532
0.014487
-0.008105
0.023913
0.026926
-0.009172
0.023776
0.008262
-0.020464
0.024792
0.000708
-0.023255
0.007101
-0.019441
0.011456
0.018124
-0.032156
0.015425
-0.007198
0.029582
-0.008758
-0.035641
-0.018329
-0.020465
0.018732
-0.006694
-0.020203
0.016568
0.031265
0.034069
0.025374
-0.012935
0.012888
-0.018399
-0.024691
0.004145
0.008098
0.034754
-0.023262
0.023303
0.023877
0.013114
-0.035621
-0.004691
0.029342
0.011504
-0.022235
0.032855
-0.008740
0.006235
0.026768
0.018171
0.006263
-0.027231
0.033375
-0.010673
0.001745
-0.022497
-0.029775
-0.002659
-0.024097
0.031268
0.020075
0.024460
-0.022800
0.031053
-0.007064
0.020967
0.030138
0.005342
0.008601
0.018346
-0.017212
0.008648
-0.022014
-0.023539
-0.015517
-0.008581
-0.026353
0.011412
0.033323
-0.035254
-0.006086
0.003918
-0.026816
-0.008380
0.028913
0.010597
0.004791
0.034807
-0.027730
0.000000
0.016363
0.030407
0.028013
0.005154
-0.028062
0.023397
0.033759
0.028574
0.017866
0.003432
0.001506
0.000543
0.021889
-0.025515
0.014197
0.034019
-0.005363
-0.030052
-0.028003
-0.029620
-0.032398
-0.027589
-0.000037
0.007189
-0.018736
0.027251
0.000433
0.027530
-0.003626
-0.000429
0.035469
-0.022932
-0.005691
0.027813
0.017891
0.001916
0.015541
0.015981
-0.005179
-0.002262
-0.016255
0.031996
0.033950
-0.030035
-0.029187
0.012478
-0.031685
0.001119
0.018095
-0.024020
0.007168
0.021366
-0.015939
-0.028538
-0.007114
0.000994
0.034382
0.028987
-0.007145
-0.004914
-0.007111
-0.007345
0.007823
0.022867
-0.015200
-0.009954
-0.010885
-0.035328
-0.029641
0.019605
-0.001921
-0.010228
0.015932
-0.003640
-0.004594
0.022414
-0.026830
-0.000611
-0.012136
0.026934
0.011039
0.030701
0.012631
0.030768
-0.033507
-0.030153
-0.003907
-0.034794
0.034503
0.024617
-0.004039
-0.008276
-0.018397
-0.031884
-0.021077
0.002072
-0.006169
0.003706
0.002413
-0.000142
-0.012358
-0.035177
0.025299
-0.032094
-0.003148
-0.014964
0.025988
0.005691
0.020094
-0.021817
-0.003044
-0.004536
-0.026785
-0.026082
-0.009436
-0.024623
-0.020566
0.022325
-0.023748
-0.021732
0.011274
0.007882
0.005661
0.028546
0.011667
0.020253
-0.005051
-0.030171
-0.011710
0.033030
0.005356
0.011602
0.033522
-0.005014
0.015176
-0.005294
0.015691
0.005495
-0.035272
0.000117
0.019347
-0.002648
0.031250
0.028231
0.006939
-0.013855
-0.032060
0.022041
-0.027199
-0.020139
-0.035359
0.019744
0.023412
0.005971
0.012620
-0.000589
-0.009445
-0.028100
0.004908
0.014515
-0.030739
-0.025405
-0.009553
-0.032885
0.005250
-0.030046
-0.002511
-0.014728
0.011119
-0.002115
0.021058
-0.005203
0.030906
0.016638
-0.012640
0.002176
-0.032886
-0.009032
-0.011451
-0.024416
0.006498
-0.011142
0.030996
-0.005759
0.030498
0.007948
0.029321
-0.014615
0.015517
-0.001440
0.035568
0.020447
0.008824
-0.009654
0.023230
-0.021594
-0.004030
-0.014950
-0.000653
-0.028581
0.018605
-0.015265
0.001885
0.013842
-0.034295
0.024914
-0.019650
-0.031512
-0.019787
0.004567
-0.020259
0.022380
0.029094
-0.024932
-0.019047
0.023923
0.018685
-0.025395
-0.026361
-0.001467
0.008834
-0.026462
-0.016689
-0.018011
-0.000447
-0.029127
-0.003936
0.031192
-0.008408
0.031079
-0.033058
-0.025472
-0.019854
0.004496
0.024039
-0.018480
-0.006259
-0.031280
-0.014324
0.009623
0.008956
0.001086
-0.003665
0.002381
0.011823
0.012956
-0.009364
-0.005160
0.023230
-0.000057
0.029042
-0.003605
0.009150
-0.023316
0.014054
-0.026965
-0.016774
-0.025551
-0.031442
0.010487
-0.030141
-0.028832
0.020684
-0.014326
0.011333
0.009054
0.002862
-0.030594
0.013443
0.024208
0.014698
-0.013270
-0.010375
-0.024636
0.024780
-0.034221
0.023989
-0.020253
-0.003712
0.011551
0.015359
-0.010340
-0.027723
-0.011159
0.002013
0.022000
-0.002456
0.020908
0.032117
0.001771
-0.004274
-0.033692
0.008608
-0.019259
-0.012350
-0.015728
0.025464
0.026182
-0.010653
0.003239
0.014721
-0.031624
0.025637
-0.031323
-0.020591
0.014749
-0.029875
-0.032271
0.030164
0.002081
0.014948
0.009855
0.027410
0.022894
0.034364
-0.006245
0.009225
-0.003761
-0.021006
0.005673
0.033679
0.010389
0.007650
0.006618
0.026799
0.030969
0.026559
0.016595
0.021482
-0.019763
-0.015836
0.000534
-0.015718
-0.025867
0.004879
-0.000641
0.024551
0.010673
0.002757
0.019046
-0.022915
-0.017963
-0.006768
-0.031174
-0.030738
-0.008073
-0.001750
0.014156
0.023835
0.012913
-0.015840
0.021845
-0.012367
0.027479
-0.007206
-0.021237
0.022779
-0.016316
0.031027
0.008592
-0.000410
-0.020478
-0.026543
0.019541
-0.010676
0.014005
-0.016768
-0.021794
-0.010991
0.021658
0.032921
0.001762
-0.031975
-0.009517
0.006257
-0.027044
0.018079
-0.031162
0.022780
0.006245
0.017419
-0.028728
-0.007578
-0.030617
0.034419
0.020885
-0.016185
0.021529
-0.031100
-0.020827
-0.005548
0.004159
-0.005636
0.003577
-0.011968
0.019357
-0.018087
0.006932
0.033231
0.006591
-0.007079
0.030483
-0.027316
-0.003385
-0.014702
0.014610
0.005240
-0.032292
0.019117
-0.007648
0.009622
0.000867
-0.000708
-0.033625
0.005919
-0.001958
0.022929
0.025403
-0.016098
0.027498
-0.031093
0.014023
-0.004012
-0.001060
-0.018069
0.019689
-0.017372
-0.000487
-0.009048
-0.019809
-0.029565
0.019542
-0.024995
-0.021212
-0.019512
-0.004028
0.029066
0.021397
-0.000651
0.012514
-0.021920
-0.026698
-0.022288
0.013040
-0.024654
0.019300
-0.024586
0.033943
0.009035
-0.005015
0.025772
0.013611
-0.026661
-0.013909
-0.023118
-0.009061
-0.029889
-0.004820
0.026121
-0.003268
0.011039
0.032225
-0.019395
0.021714
-0.024656
-0.003238
-0.017983
-0.031258
-0.017509
0.017035
0.016925
-0.003761
0.026006
0.030306
-0.026389
-0.034317
0.013938
-0.015307
0.035295
-0.012697
0.015347
0.025399
-0.034755
0.024355
-0.024179
-0.022204
-0.020375
-0.018398
0.008645
-0.029923
0.014003
-0.015985
-0.033367
0.030277
-0.029940
-0.022354
-0.008629
-0.012254
-0.017943
0.009530
-0.030888
0.034650
-0.029899
0.030786
0.029288
-0.020620
0.032138
0.007556
-0.000257
0.031765
0.030528
-0.020579
0.021495
0.031442
-0.031893
0.032985
-0.026430
-0.016600
-0.021082
0.017883
-0.010854
0.028590
-0.033770
-0.008552
0.023198
-0.028041
0.004762
-0.021100
-0.004627
0.022488
0.024099
0.000154
0.021470
0.029868
-0.004728
0.015088
-0.026420
-0.008259
-0.013024
0.008991
-0.012162
-0.018165
0.024081
-0.026336
-0.022391
0.027856
-0.029020
-0.013152
-0.024413
-0.014433
-0.030938
0.000402
-0.021512
-0.029039
0.027518
-0.033983
-0.021412
-0.003388
-0.019414
0.009630
-0.016569
-0.030985
-0.025884
-0.030768
0.034552
0.005056
0.019989
-0.027537
0.032467
-0.028704
0.017123
-0.015364
-0.011200
0.005535
-0.006032
0.002078
-0.002278
0.000617
0.024595
0.008978
0.021853
0.029326
-0.026289
-0.035327
-0.035383
-0.034440
-0.033641
-0.021126
-0.002160
-0.017387
0.024174
0.016940
-0.012703
0.033958
0.021840
-0.013819
0.003346
0.006160
-0.005688
0.000144
0.013125
-0.024233
0.020448
-0.033744
0.016970
-0.021253
0.004003
-0.020977
0.015034
-0.007071
0.023670
0.001218
-0.013414
0.033049
0.001560
-0.013128
0.034278
0.003587
0.001415
-0.003551
0.021869
-0.010080
-0.022279
-0.026503
-0.011791
0.035230
-0.004654
0.027224
0.005721
0.025328
-0.008301
-0.016822
-0.034575
-0.023522
-0.014897
0.018064
-0.009106
0.024775
0.032756
-0.029741
-0.017965
0.020757
0.007146
0.004290
0.018138
-0.026963
0.026831
0.016747
0.012292
-0.007423
-0.022473
-0.001508
0.018166
-0.009083
0.007658
-0.029294
-0.009522
-0.032665
0.033599
0.031868
0.028332
-0.010371
-0.020623
0.029426
0.001776
0.000149
0.011822
0.028340
-0.010745
0.008909
0.034267
0.006959
-0.006003
0.005745
-0.024420
-0.023534
0.014450
-0.033258
0.028881
-0.008926
-0.005012
-0.029260
0.025235
-0.022515
-0.002675
-0.002776
-0.016140
0.023472
0.000228
-0.018209
0.019671
-0.007109
0.007089
0.034717
-0.013351
-0.026804
-0.000803
0.034139
-0.034133
0.024120
0.007379
-0.035534
-0.004590
-0.034293
0.005879
0.006659
-0.022158
-0.015339
0.009070
-0.028946
0.011403
-0.031611
-0.022537
0.000969
-0.018457
0.010457
0.033862
0.001072
-0.001740
-0.001579
0.018531
-0.017737
0.026981
-0.010049
-0.018689
-0.022039
-0.001184
0.016177
-0.023569
0.000352
0.004628
0.019479
0.000487
-0.035630
0.020855
-0.029303
0.006697
0.034366
-0.008973
-0.019902
-0.030249
-0.033239
-0.015844
-0.017117
0.003399
0.001367
0.029009
0.001592
-0.033230
-0.008399
-0.035655
0.020970
0.009533
0.026995
-0.024748
0.026512
-0.030712
0.009738
0.007020
-0.018612
-0.025579
-0.024020
-0.034802
0.010577
-0.023982
0.021722
0.016943
0.018384
0.020419
-0.027700
0.034151
0.025839
-0.025270
-0.017361
-0.026946
0.013798
0.019675
-0.033606
-0.020278
0.022114
-0.006336
-0.020264
0.007415
-0.032473
-0.028938
0.018336
0.000000
0.029709
-0.023982
-0.007595
0.001060
-0.006925
0.002495
0.012708
-0.006058
-0.022597
0.024395
-0.020005
0.030014
0.007110
-0.035254
-0.033354
0.005593
0.026254
-0.022955
0.023900
0.034976
0.026512
0.007906
-0.034299
-0.029435
-0.005649
-0.004966
-0.014030
-0.033903
-0.001770
-0.007300
0.020102
-0.007731
0.004387
-0.023161
0.028998
0.033131
0.015002
0.006038
-0.008596
0.028074
-0.005236
0.007068
0.022420
-0.033794
0.007483
0.024735
0.007467
-0.001932
-0.033889
-0.004301
-0.002625
0.028292
-0.032064
-0.001255
0.034526
-0.002044
0.029447
-0.015173
-0.000278
-0.007992
0.013196
-0.015844
0.019947
-0.018085
-0.003337
0.013276
-0.020623
-0.024003
-0.016355
0.006450
-0.031598
0.014078
-0.022150
0.026490
0.015952
0.021002
0.015556
-0.012249
-0.016599
0.017336
0.019119
0.016445
0.009959
0.022724
-0.020479
0.008817
-0.014988
-0.026701
0.029313
0.020403
0.000977
0.006840
-0.031110
-0.014746
0.024424
0.001222
0.034199
-0.031868
0.012887
-0.017824
0.010251
0.016958
0.031922
0.023770
0.007779
0.012206
0.009103
-0.012333
0.035626
0.028172
-0.030666
0.019076
0.008948
0.014963
0.006131
0.024138
-0.011889
0.026812
0.033106
-0.018246
0.011546
-0.001586
0.024263
0.016104
0.019337
0.013018
-0.018343
0.017868
0.016819
0.030213
-0.035626
-0.008599
0.011502
0.031965
-0.020498
-0.016387
0.008503
0.024274
0.006948
0.008460
0.016777
0.011951
-0.008133
-0.009943
-0.008755
0.033667
-0.021474
0.015025
0.024810
-0.024037
0.032448
0.000687
0.010046
0.021042
-0.018877
-0.006285
-0.001609
-0.001552
-0.024087
-0.020459
-0.007007
-0.024043
0.006611
-0.031174
-0.027747
0.021782
-0.011893
0.016425
0.010387
0.030724
-0.010784
-0.008505
0.007007
0.016751
0.017221
0.033921
0.014750
0.031416
0.013277
0.003891
-0.028289
0.010056
-0.031091
0.017426
-0.004571
-0.014299
-0.024529
0.029489
0.019818
-0.012946
-0.026639
-0.022858
-0.001321
0.015641
-0.018364
0.006601
0.001754
0.005413
-0.012643
-0.023528
0.000468
0.012241
0.003636
-0.028194
-0.006676
-0.014812
-0.029941
-0.027595
-0.019064
0.019004
0.011965
-0.011685
-0.006609
0.016543
-0.029928
0.024489
-0.033425
-0.018788
0.018309
0.022061
0.003934
0.027339
0.034872
-0.033055
0.007311
-0.019160
0.009215
-0.026604
0.021921
0.032240
-0.014463
-0.013280
0.008813
0.024842
-0.005804
-0.033532
-0.025639
-0.000077
-0.025458
-0.009034
-0.016742
0.022175
0.014949
0.012318
0.003049
0.020690
0.001138
0.005293
-0.033767
-0.016222
-0.008315
0.005836
-0.024552
-0.009111
0.008450
0.018428
0.007397
-0.018005
0.027493
-0.006350
-0.021433
-0.022639
0.016039
0.023049
-0.033466
-0.025434
0.025186
-0.023436
0.010157
0.035396
0.003199
0.029085
0.021903
-0.017521
0.005734
-0.010717
-0.032499
-0.028797
0.030244
-0.030597
-0.009350
-0.013739
0.010908
0.001767
0.012819
-0.016311
-0.015473
-0.015453
0.001353
-0.023649
0.013865
0.015589
-0.010619
-0.005765
0.002968
-0.008415
0.004470
-0.007515
0.003818
-0.021041
-0.007788
-0.028652
-0.027626
-0.021554
-0.010504
0.013777
0.003398
-0.007335
0.020649
-0.002027
-0.002263
-0.024370
0.019903
-0.027025
0.013066
-0.002947
-0.007667
0.033262
0.017269
0.029354
-0.026056
-0.004535
0.009274
-0.001005
0.025370
-0.023426
0.026248
-0.005829
0.004728
-0.005603
0.008798
0.032609
0.001413
0.016841
-0.024614
0.026578
-0.005051
0.014453
-0.016425
-0.020071
-0.023243
0.016980
-0.008772
0.032329
0.025624
-0.031374
-0.006287
-0.017712
-0.033781
-0.024687
-0.024026
-0.024168
0.006448
0.020917
0.010495
-0.003851
0.033160
0.001075
0.025988
0.002218
0.031140
-0.000883
-0.000842
-0.003115
-0.019710
0.010213
-0.012206
0.010908
-0.011003
0.007038
0.026506
0.001423
-0.011651
-0.017934
-0.001916
-0.021695
-0.013639
0.027466
-0.003738
-0.011752
-0.032889
0.007905
-0.000251
0.009227
-0.006847
-0.025424
-0.030293
-0.009356
0.011319
0.031364
0.028531
0.006791
-0.005188
-0.007979
-0.031993
0.010771
-0.033435
-0.008530
-0.013990
-0.008769
0.034177
-0.023153
0.028324
-0.013143
-0.005418
-0.009261
0.000830
0.016611
-0.017464
0.032761
-0.030809
-0.014684
0.004997
0.004609
0.030212
0.033819
0.014853
0.035588
-0.011205
-0.009496
0.031283
-0.018343
0.032963
-0.009573
0.009346
-0.034699
-0.034471
0.011581
-0.007560
-0.012793
-0.032857
-0.009052
-0.000276
0.031135
0.013473
0.029974
-0.013795
-0.021365
0.010917
0.004410
-0.024273
0.015776
0.025395
0.016394
-0.015284
0.019938
0.014544
0.035239
0.019857
-0.032330
-0.009927
0.015471
-0.015004
-0.012632
-0.029771
0.030011
-0.011662
-0.028574
0.005923
0.016447
-0.005697
0.008735
-0.028274
0.029695
0.004201
0.020868
0.024000
0.026075
0.035172
-0.000752
-0.005184
-0.024769
-0.020644
-0.015458
0.027293
-0.000259
-0.031189
0.006169
-0.000689
0.024337
0.009507
0.025053
0.004139
0.030172
-0.023248
0.010036
0.024514
0.000759
0.017131
-0.005232
-0.018462
-0.024235
-0.032166
-0.011068
-0.030209
0.007704
-0.025868
0.029461
-0.001890
-0.026365
-0.006960
0.028595
-0.015466
0.008065
-0.022531
-0.023841
-0.027862
-0.018051
0.017996
0.007117
-0.029383
-0.008165
-0.003498
0.010424
-0.013662
0.008923
-0.015208
-0.024817
-0.025987
-0.033746
0.005620
-0.008780
-0.022312
0.009122
0.015821
-0.016852
-0.018843
0.025622
-0.023060
0.014937
0.034925
0.005649
0.007863
-0.016209
-0.021955
0.021001
-0.004382
-0.014148
-0.032719
-0.022055
0.028638
-0.026434
0.005449
-0.010529
0.019659
0.027455
0.034063
-0.031218
-0.033031
-0.027593
-0.029296
0.008258
-0.000704
-0.015939
-0.018288
-0.020552
0.002878
-0.001462
-0.030599
0.015487
-0.022194
-0.031343
-0.014533
0.021338
-0.011883
-0.000819
0.006670
0.019404
0.020701
0.009619
0.033018
0.013670
0.018854
0.002798
-0.032528
0.002844
-0.005415
-0.034134
0.007295
-0.002777
-0.026058
0.013668
-0.030188
0.008907
0.033398
-0.012807
0.024024
0.000607
0.021400
0.029094
-0.019575
0.034874
0.033420
0.001561
0.020543
-0.014132
-0.034927
-0.008456
-0.030397
0.021444
-0.034505
-0.033047
-0.000555
0.020017
0.005420
0.002586
-0.012807
-0.035664
0.004121
0.030156
-0.002772
0.013732
0.008155
0.002709
-0.013029
0.005884
0.025571
-0.024674
-0.029177
0.011302
-0.031249
-0.013083
0.010507
-0.033498
0.024147
-0.004618
-0.011962
0.024889
0.022594
-0.006689
0.010664
0.023758
-0.004068
-0.025560
0.008106
-0.034317
0.012695
0.030968
-0.034312
-0.018852
0.025455
-0.001416
0.030549
-0.002058
-0.034376
-0.018149
-0.031843
0.026864
-0.007155
-0.025351
0.002496
-0.002735
-0.002765
-0.022666
-0.000565
-0.014287
0.008385
0.023142
-0.025066
-0.004690
-0.019216
0.021267
-0.016600
0.012385
0.031376
0.027175
0.013737
0.008402
0.022474
0.015093
0.025219
0.012260
-0.021991
0.020099
-0.025467
-0.020698
-0.033719
-0.021641
-0.029504
-0.005205
-0.011323
0.008661
0.027728
0.021581
0.021665
-0.008505
-0.028375
-0.005619
-0.021032
-0.017772
0.025360
-0.004579
-0.032175
-0.026909
-0.027863
0.034870
-0.035403
0.021542
0.007604
0.022739
0.000967
-0.002846
-0.000669
0.014644
-0.018416
0.009533
0.029615
-0.016466
0.023561
-0.035558
0.013998
-0.023431
0.008773
0.006058
0.033819
-0.005232
0.033221
-0.030225
0.024818
-0.023480
-0.012328
0.014509
0.007610
-0.008834
0.023268
0.015415
-0.009633
0.023534
0.001289
0.033639
0.010604
-0.033413
-0.004876
-0.025733
0.016900
0.012378
0.019468
0.010846
0.031580
0.007361
0.010958
0.009910
0.019599
-0.015939
-0.019702
0.017749
0.014499
-0.022149
0.023193
0.003648
-0.009960
-0.024804
-0.017512
0.033318
0.002031
-0.029912
0.013065
0.028067
0.029290
-0.021315
0.026037
0.004226
-0.019059
-0.014507
0.014161
0.033510
0.033539
-0.002039
0.008687
0.029451
-0.030347
-0.016024
0.003692
0.024921
0.003707
0.019659
0.007001
-0.017464
0.033179
-0.005474
0.021853
-0.012451
0.005390
-0.031328
-0.014801
-0.028248
0.000000
-0.025571
0.033932
0.035488
-0.031950
-0.023052
0.025857
0.007945
-0.006443
-0.024319
-0.013563
-0.008602
-0.026448
0.020066
-0.035583
-0.032666
0.025388
-0.015938
0.006695
0.014640
0.023437
-0.009315
-0.014028
-0.029695
-0.011805
0.016167
0.027827
0.011413
-0.014112
0.032168
0.032281
-0.006690
-0.029073
0.030544
-0.006871
-0.025354
-0.028177
-0.016683
0.018259
0.001049
-0.005334
-0.030972
0.028116
0.003887
0.024763
0.028201
0.006889
0.014482
-0.023406
-0.022085
-0.006547
-0.035638
0.004269
0.015095
-0.029664
0.028133
-0.004408
0.033831
0.003878
0.017149
0.030330
0.000490
-0.025210
-0.034411
-0.004635
0.003588
-0.024096
0.002857
0.022573
0.029832
-0.031763
-0.018429
0.034528
0.032021
0.021126
0.023622
0.024554
-0.007653
0.002436
-0.034521
0.005931
0.031558
-0.034489
-0.025469
0.010983
-0.028485
-0.033004
-0.029093
-0.030322
0.006542
0.023725
-0.035661
-0.028637
0.034184
-0.034403
0.002396
0.002103
-0.022831
-0.030416
-0.010993
-0.028668
-0.026510
0.006247
-0.029808
-0.030158
-0.008296
0.029483
0.030065
0.019720
-0.003751
0.031213
-0.010018
-0.007862
0.032393
0.000182
-0.032547
-0.031761
0.002846
-0.025971
-0.026414
-0.026281
0.033423
-0.026406
-0.019249
0.031938
-0.025141
0.018816
-0.001627
-0.012303
0.024069
0.023049
-0.005302
0.033228
-0.006373
0.000558
-0.032599
0.021000
-0.005628
0.033135
0.005050
0.026290
0.028679
0.030701
-0.017240
0.025403
-0.004786
-0.014118
0.029311
0.033729
-0.004421
-0.032772
-0.028221
-0.006667
-0.023510
-0.011801
-0.010397
-0.012982
-0.028654
0.023645
0.010384
0.031084
0.011025
-0.030587
0.028643
-0.031017
0.005640
0.031713
0.025652
-0.035657
0.029180
-0.004967
0.026302
0.022190
-0.009935
-0.026608
0.011925
0.020948
-0.005057
0.005567
0.019008
0.026191
0.008464
0.026455
-0.016145
0.020623
-0.021014
0.009127
-0.028028
-0.013999
-0.002897
0.018025
-0.018584
-0.027540
0.023106
-0.025609
-0.022889
-0.006923
-0.029565
-0.032906
-0.006911
0.035284
-0.002204
-0.016279
0.021806
0.023530
-0.007217
-0.001939
0.008809
0.023394
-0.032040
-0.007852
0.013916
0.012092
-0.017066
0.033440
-0.002954
-0.002411
0.006899
0.004687
0.019258
-0.031667
-0.012957
-0.034994
-0.023538
-0.025519
-0.024934
-0.010758
0.003227
-0.018830
-0.007995
0.031984
-0.019215
0.025469
-0.019963
-0.033078
0.013331
0.008488
0.000652
-0.013529
-0.003786
0.004280
0.014287
-0.025539
-0.019296
0.032890
-0.027768
0.013419
-0.005190
0.014800
-0.017563
-0.021601
0.018802
0.005149
-0.020926
0.030932
0.015299
-0.010192
-0.015495
-0.017143
0.006647
0.012179
-0.020827
0.023101
0.001979
-0.005122
0.025691
-0.020359
-0.032302
-0.009326
0.001781
-0.000420
0.030624
-0.019601
0.009710
-0.024341
-0.022379
0.017611
0.024746
0.008099
-0.003259
-0.028486
0.022168
-0.020126
0.012332
-0.034427
-0.024862
-0.008038
-0.008950
-0.004688
0.010488
0.033366
-0.028178
0.025330
0.020798
0.009470
-0.015460
0.010820
0.024780
-0.012094
-0.034174
-0.009108
0.023155
0.032119
0.006960
-0.002804
-0.027892
0.020249
-0.020862
0.032523
-0.007320
0.011548
-0.031631
-0.020821
0.027091
0.016370
-0.019580
-0.033440
-0.027336
0.007139
-0.002459
0.018821
0.004837
0.005031
0.008482
-0.010034
-0.021167
0.028690
-0.034883
-0.032056
-0.019072
-0.033388
-0.005495
-0.031585
0.034400
-0.034204
0.001280
-0.029161
0.021714
0.016087
-0.032306
-0.021275
-0.008034
-0.028268
-0.006427
-0.016611
0.023771
0.009662
-0.014382
0.032104
-0.018867
0.018828
0.015256
0.021638
-0.011810
-0.011931
-0.024065
0.002692
-0.018909
-0.023279
0.006304
-0.002313
-0.020998
-0.034860
0.001771
-0.022267
-0.033395
-0.032618
-0.015758
0.023988
0.019137
-0.012396
-0.032956
-0.024565
-0.004995
-0.003714
-0.005508
-0.016893
-0.029721
0.015779
-0.020458
-0.012919
-0.001062
0.030466
-0.026950
0.022798
-0.017133
-0.015346
-0.010179
-0.000374
-0.002956
0.031794
0.032982
0.011715
0.032603
-0.000916
0.025117
0.034876
0.002134
-0.026310
0.023195
-0.014397
-0.003037
0.025908
-0.003294
0.027637
-0.013475
0.026867
-0.024925
-0.007528
0.006978
-0.009714
0.015222
-0.029753
-0.014917
0.023940
0.028714
0.003619
-0.027075
-0.017134
-0.032424
0.005638
-0.021010
-0.035111
-0.018316
-0.024076
-0.000358
-0.028868
-0.024868
-0.033893
-0.019510
0.033995
-0.012621
0.013122
0.024234
0.019753
0.005090
-0.024910
0.010952
0.015833
0.003232
-0.017739
-0.029550
-0.017215
-0.011823
-0.008797
-0.028944
-0.018778
0.030491
-0.020350
-0.000244
0.033735
0.020957
0.014416
0.034293
-0.033028
0.026009
-0.001734
-0.026228
-0.034528
0.000042
-0.010069
0.035136
0.023090
-0.032617
0.023702
0.007174
0.008142
0.034461
-0.017543
-0.011694
0.002023
0.000387
-0.005574
0.020477
0.024233
0.021297
0.027202
-0.030214
0.016119
-0.028817
0.005211
0.014186
0.027809
-0.016042
0.012810
0.030449
-0.025702
-0.024592
-0.031448
-0.024561
0.011119
-0.005848
-0.025094
-0.001460
-0.002796
0.034276
-0.029955
-0.030323
0.033068
-0.011829
-0.006348
-0.000577
0.024227
0.023747
-0.015769
0.012791
0.009376
-0.024236
0.018246
-0.010174
-0.017384
-0.012211
-0.031657
-0.025245
0.007416
0.016822
-0.030464
0.017383
0.027899
-0.026243
0.028491
0.003349
0.003577
-0.032272
-0.033780
-0.034888
-0.033665
-0.028066
-0.029542
0.035072
-0.004226
-0.000221
-0.001174
-0.015667
-0.012142
0.018726
0.032793
0.032902
0.030158
0.015371
-0.012941
-0.022895
-0.032509
-0.008930
-0.012471
0.010576
-0.027777
-0.007266
-0.007710
-0.035547
0.002159
-0.014888
0.003471
-0.029932
-0.011492
0.005359
-0.029151
-0.009488
0.012962
-0.023024
-0.010085
-0.026933
0.012424
0.024410
-0.006931
-0.035387
0.007467
-0.009807
0.033184
0.001956
-0.030105
-0.015426
0.014730
-0.026945
0.011313
-0.033410
0.019299
0.019205
-0.005007
-0.024079
0.019327
0.032821
-0.003299
-0.012871
-0.032780
0.020878
0.028157
-0.026263
-0.024278
0.005450
-0.013618
0.001306
0.014186
0.034475
-0.009952
-0.028414
0.034757
0.033184
-0.002552
0.032272
-0.000529
0.003012
-0.018824
-0.021467
0.011735
0.028158
-0.019208
-0.004634
0.011694
0.011454
0.006955
-0.004648
0.008606
-0.032012
0.018150
0.011495
0.024535
0.010638
0.020901
-0.035412
-0.019581
-0.028386
0.001563
0.030274
-0.029579
0.027280
-0.033808
-0.030491
0.024795
-0.000691
-0.033888
-0.011403
-0.033348
-0.017043
0.002799
0.014056
-0.024554
0.019259
-0.026247
0.022809
-0.004956
0.016377
-0.017507
-0.032019
0.020033
-0.035026
0.015145
0.008900
0.011281
0.000377
0.009156
0.027369
0.007660
-0.024949
0.021974
0.013750
-0.033338
0.023835
0.018928
0.027125
-0.012525
0.020708
-0.019947
-0.010205
-0.032004
0.018520
-0.031818
-0.020889
0.002111
-0.022396
-0.033749
0.032824
0.029650
-0.015587
-0.034863
0.014014
-0.014944
0.015950
-0.012755
0.032006
-0.019341
0.032070
0.023706
0.023988
-0.028548
0.010012
0.002069
-0.026217
-0.001822
-0.014673
-0.034761
0.021321
-0.029633
-0.019039
-0.024552
-0.025968
0.035150
-0.020701
-0.011188
0.001592
-0.007428
-0.009268
-0.001253
-0.013447
0.010814
-0.000447
-0.035102
0.031539
-0.020166
-0.012188
0.027875
-0.003839
-0.015786
0.015912
-0.015520
-0.008665
-0.009745
0.022218
0.000786
0.024102
-0.028124
0.001694
0.009754
-0.022088
0.018323
0.020871
-0.012388
0.017804
-0.035499
0.012093
-0.016273
-0.007258
-0.032844
0.018143
0.014963
0.013638
-0.017973
0.015531
0.009508
-0.002470
-0.032326
0.001714
0.029360
-0.012443
-0.018042
-0.021828
0.014561
0.007882
-0.035279
-0.020322
-0.003685
-0.027734
0.017041
-0.029600
-0.014154
-0.000305
0.026940
0.009127
-0.018170
0.027109
-0.014449
0.001226
-0.015818
-0.011624
-0.016300
0.034814
-0.033655
0.001396
0.014676
0.011522
0.034595
0.018019
-0.022433
0.028286
-0.030093
-0.004806
-0.029211
0.020136
-0.032592
-0.028822
0.035483
-0.000609
-0.020887
0.016855
0.005461
0.000628
-0.019119
0.000000
-0.003268
-0.025913
-0.001620
-0.011828
-0.004693
0.035274
0.008023
0.019351
-0.016694
0.007168
0.021365
0.020371
-0.013824
-0.002782
0.019297
-0.031474
0.010454
0.011914
-0.025899
-0.030020
0.018372
0.029906
-0.026944
0.025219
0.029720
0.008117
-0.031337
0.010906
-0.022092
0.004960
0.027456
0.010309
0.014716
-0.009833
0.034150
-0.025646
-0.010228
0.006504
0.029374
0.008747
-0.021996
0.015070
-0.006551
-0.000152
-0.023380
-0.022923
0.004043
0.022743
0.024661
0.013813
0.028392
0.007364
0.008050
-0.034221
-0.003086
0.002102
0.009565
0.001247
-0.022661
0.023142
-0.029462
-0.030874
-0.002218
0.020923
-0.005038
-0.003737
0.030946
0.020403
-0.032902
0.024651
-0.006519
-0.019229
0.004053
0.022600
0.016288
0.016341
0.035346
-0.015338
0.003415
0.024337
0.034143
-0.003862
-0.003968
0.006525
-0.002414
0.028616
-0.027043
-0.028518
-0.005807
-0.014034
0.030292
0.000400
-0.009239
-0.007594
-0.014345
0.021392
0.024337
-0.019068
0.006126
0.027104
-0.030086
0.035276
-0.027793
0.009635
0.022207
0.024163
-0.009693
0.021884
-0.026844
0.029391
0.010552
-0.028369
-0.010139
-0.029084
0.013824
0.023115
0.035200
0.022450
0.030266
-0.006275
-0.027253
0.024889
0.029794
-0.000823
-0.018374
-0.020220
-0.015100
-0.029705
-0.003620
0.026694
0.033068
0.001963
0.026302
-0.030394
-0.024071
0.012840
0.029438
0.001906
-0.000945
-0.033075
-0.004372
-0.026062
-0.025775
0.021158
-0.019477
0.023718
0.008604
-0.019946
0.010500
0.003201
0.009448
0.018916
-0.007578
0.003574
-0.017576
0.009716
0.019023
0.002992
0.015680
-0.020266
-0.005982
0.013079
0.017366
-0.015349
0.018354
0.028964
0.033159
0.012123
-0.004799
-0.003455
0.014717
0.026498
0.006152
0.024611
0.011986
0.022344
0.012660
-0.015078
-0.033270
-0.012509
0.023791
0.011847
-0.029262
-0.019456
-0.020249
-0.011169
0.025929
0.034443
0.027491
0.005940
-0.021492
-0.014160
-0.016649
0.031543
0.006160
-0.033964
0.024838
0.003650
0.013827
-0.015630
-0.035473
-0.007124
-0.024801
0.006348
-0.018182
0.022854
-0.006977
0.030147
-0.027893
-0.004579
-0.018031
0.031567
-0.028401
-0.011624
-0.023558
-0.012981
0.012876
-0.033297
-0.014207
0.004698
0.008312
-0.000030
0.026207
0.027331
-0.004156
-0.003302
0.029036
-0.014987
-0.035320
0.007194
0.005052
-0.035125
-0.035599
0.015920
0.006892
-0.018112
0.003105
0.035583
-0.023634
0.010881
-0.004665
-0.005996
0.006779
0.002603
0.018049
0.018890
0.025291
-0.004744
0.021262
-0.024584
0.035623
-0.006095
0.011055
0.026161
-0.014433
-0.028770
-0.012809
-0.021066
-0.008088
-0.012461
0.021798
0.032633
-0.011916
0.021867
0.012885
0.030644
-0.031914
-0.019679
0.030558
-0.019879
0.026871
-0.009775
0.009793
-0.002018
0.028497
-0.007827
-0.018797
0.018120
0.023098
-0.033204
0.029204
0.023051
-0.003630
0.004590
0.013544
0.017606
0.011489
-0.034935
0.032209
-0.032268
-0.011726
0.018338
-0.035303
0.012026
0.004536
0.013251
0.007001
0.008291
0.029241
0.001891
0.024080
0.020443
0.027785
-0.001795
-0.017244
0.020613
0.026047
-0.000373
0.003064
0.013476
0.002092
-0.003401
0.000858
0.034131
-0.034479
-0.021267
0.016068
0.012678
-0.020533
0.012608
0.016079
0.003409
-0.004723
0.016445
-0.020233
0.035482
-0.005973
0.022437
0.008104
-0.012401
-0.011341
-0.003484
-0.027627
-0.019225
0.030390
-0.009203
-0.034280
0.020768
0.026094
0.004452
-0.001425
-0.007483
-0.034617
0.035101
-0.009021
-0.033427
-0.021835
-0.028622
0.014920
-0.006699
0.019655
-0.004670
0.032379
-0.020737
-0.023893
-0.023523
-0.020924
0.005803
0.034583
0.022849
0.029070
-0.012427
-0.016303
-0.034226
0.004017
-0.021582
-0.007760
0.005405
0.034854
-0.017335
-0.025811
-0.002240
0.010851
-0.024759
-0.002807
-0.033839
-0.022518
0.011027
-0.026793
0.028071
-0.031341
0.028531
-0.012268
-0.034630
-0.027875
-0.000492
-0.022485
-0.013130
-0.030358
-0.023571
-0.025950
0.034381
-0.000329
-0.006584
-0.035514
-0.031981
0.007502
-0.007605
0.009093
0.006687
0.010729
0.018950
-0.031221
-0.014089
0.029860
0.001640
-0.012259
-0.028327
-0.023002
-0.003383
0.035413
-0.018674
-0.010521
-0.012524
-0.017636
-0.002727
0.022653
-0.004451
0.019811
0.027964
0.007647
0.029530
0.026676
-0.028351
-0.012723
0.026831
-0.024663
0.030448
-0.016443
0.020099
0.001466
0.029955
0.003380
0.005914
-0.019802
-0.002428
-0.028115
0.003608
0.004914
-0.015448
-0.035444
0.004658
0.001547
-0.010296
0.027803
0.019580
0.022646
0.014787
-0.020540
0.006788
0.007082
0.022776
0.000650
-0.001911
0.030094
0.023595
-0.010750
-0.030238
0.018374
0.008476
0.025529
-0.015828
0.002763
-0.006759
0.025755
0.018629
0.026482
0.033309
-0.013432
-0.004273
-0.017808
-0.013207
-0.035284
0.019408
0.012167
0.028187
0.003319
-0.000856
0.007306
0.018448
-0.029737
-0.021281
0.005555
0.006581
0.012476
-0.000020
-0.005492
-0.033942
0.005410
-0.022787
0.010203
-0.004729
-0.002946
-0.022703
0.024181
-0.012861
0.031595
0.014994
-0.015221
-0.017505
-0.024949
0.002640
0.004957
-0.024564
-0.013621
-0.018545
-0.032046
0.025367
0.016267
0.010929
0.008146
0.022199
0.025316
-0.021968
-0.006889
0.002124
0.013680
0.023288
0.003850
-0.016578
-0.035168
-0.021616
0.014362
-0.002446
-0.008650
0.002874
0.020362
-0.012724
-0.017802
-0.030527
0.005440
-0.007081
0.007781
-0.025272
0.004023
0.029829
-0.008149
0.007646
0.019527
-0.027551
-0.017094
-0.007996
0.030316
-0.027446
0.005704
-0.012241
0.010346
-0.016284
-0.024623
-0.021472
0.002806
-0.024122
-0.007419
-0.018501
0.009101
0.019600
0.020042
-0.006206
-0.028793
-0.033429
-0.001064
0.012315
-0.004841
-0.028952
0.022712
0.034851
-0.034792
-0.021106
0.006828
0.020404
-0.012988
0.025403
-0.023262
-0.018341
0.033626
0.018112
0.005087
0.008304
-0.033841
0.016133
0.022500
0.004634
0.027679
-0.020588
0.021802
0.001111
0.034681
0.006175
0.030575
-0.029781
0.008415
-0.006159
0.018204
-0.032095
0.000558
0.005247
-0.032913
0.001435
0.019809
0.009584
-0.013830
-0.028848
-0.000681
-0.001423
-0.011520
-0.002724
-0.018980
0.029236
-0.030089
-0.017153
0.009700
0.028080
0.023150
0.001711
-0.028176
0.009283
-0.032847
-0.029164
-0.020211
0.033397
-0.023276
0.023873
-0.008431
0.030596
0.027447
0.027796
0.000174
0.030203
-0.006437
-0.015685
0.004118
0.015401
-0.008864
-0.032232
-0.021690
0.015285
0.000713
-0.005001
0.008852
0.006293
0.013515
-0.017117
-0.001296
0.000996
0.020263
0.006197
-0.025390
0.023085
0.012702
-0.009933
0.020812
0.025094
-0.021729
-0.023287
0.020022
-0.029951
-0.031160
-0.015473
-0.035417
-0.001928
0.004511
0.004370
-0.022196
0.031316
0.007807
-0.008217
0.010932
-0.027149
0.022450
-0.015885
0.014813
0.000296
0.002667
-0.022152
-0.034377
-0.012739
0.019714
-0.024098
-0.025323
-0.003254
0.001638
0.031158
-0.013828
0.015578
-0.027798
-0.029475
0.021296
-0.023289
-0.009278
0.021547
0.010452
0.030901
-0.009752
0.023925
0.026548
0.033724
-0.019961
0.001812
-0.029094
-0.033179
0.021596
0.021387
0.002786
-0.011406
0.034904
0.004078
0.011524
0.018949
0.015649
0.021870
-0.019973
-0.018382
0.017360
0.001868
0.032865
0.025231
0.008062
0.018492
-0.033727
0.034452
0.004371
0.012394
0.029685
0.030288
0.000651
0.020565
0.028342
0.016359
-0.013293
0.034917
0.018849
-0.027366
0.020636
-0.014034
-0.003103
0.019871
0.025713
-0.027247
0.003152
0.005694
0.030292
0.018847
0.022980
0.011983
-0.014953
0.020177
0.001545
0.028777
0.003000
0.003487
0.027561
-0.028298
-0.019788
0.021577
-0.033679
0.016532
0.006473
0.030332
-0.002778
0.028849
0.029580
-0.019598
-0.034185
0.014547
0.002037
-0.001619
-0.001251
-0.007918
0.006803
-0.033768
0.033444
0.001426
0.020748
0.020756
-0.022260
-0.029874
0.005263
0.014954
0.034572
-0.027406
-0.017228
0.026465
-0.020035
-0.001346
0.012373
-0.018046
0.000000
-0.020483
-0.016822
-0.023383
0.012408
-0.023642
-0.029471
0.028478
-0.022158
0.020744
-0.005153
0.011892
-0.016175
0.022597
-0.016974
-0.014274
0.020372
0.020121
-0.029195
0.005459
0.033530
-0.023400
-0.024946
0.012815
-0.024496
-0.016683
0.031257
-0.033700
-0.001049
-0.005758
0.014342
0.016574
0.009427
0.033188
0.028860
-0.013834
-0.026122
0.035057
-0.021024
-0.012612
0.020133
0.009491
0.034949
-0.031712
-0.003581
-0.017694
-0.010317
-0.018877
-0.033241
-0.003843
0.022250
-0.035380
0.008426
0.032973
0.013104
0.019599
-0.019379
0.008692
0.021568
0.015240
-0.032735
0.000241
-0.003855
0.012361
-0.002240
-0.010664
0.034196
0.007307
-0.011276
-0.022497
0.030364
-0.026812
0.022663
0.029644
-0.022855
-0.016587
-0.023718
0.002497
0.000205
-0.021291
0.034323
-0.013213
-0.021002
0.007081
-0.015909
0.027771
-0.008989
0.000380
0.000794
-0.023090
-0.020048
0.003728
0.012820
0.011765
-0.019579
-0.025089
-0.034567
-0.021052
0.017887
-0.010174
-0.007880
0.012582
-0.001317
-0.020886
0.006557
0.011497
-0.001804
0.018508
-0.021674
0.034070
0.032886
-0.023020
-0.014813
-0.023784
0.019730
0.004947
-0.031682
-0.024928
-0.030342
0.004781
-0.012349
-0.014722
-0.027159
-0.035198
0.032712
-0.011070
-0.024618
0.033814
0.003547
0.028938
-0.012029
0.031335
0.005851
0.022323
-0.025220
-0.023260
-0.001849
0.008645
0.030917
0.012146
0.007045
0.028134
0.024795
0.027901
-0.031319
0.008856
-0.002821
-0.027333
0.019597
0.002506
0.013117
-0.028420
0.023453
0.021627
-0.027949
0.020496
-0.025112
-0.016898
0.018642
0.014104
-0.023628
-0.029056
0.009770
0.017891
0.028936
0.020219
0.030300
-0.008582
-0.006805
0.025548
-0.032105
-0.035429
0.018013
0.028359
0.028141
0.022362
0.001546
-0.010348
0.030699
-0.014525
0.027826
0.008147
-0.007277
0.015610
-0.005895
0.000443
0.000438
0.004662
0.019215
-0.016590
-0.016903
0.031255
-0.009977
0.028537
0.013478
-0.016710
0.013087
0.008109
0.010377
-0.029387
-0.002013
0.013941
-0.029147
-0.019669
0.006630
0.034663
-0.032975
-0.027492
-0.011354
0.033392
-0.006349
-0.019197
0.005871
0.022044
0.032082
0.035645
-0.013182
-0.003149
0.004638
-0.029636
0.015930
0.023405
-0.034050
-0.029715
0.016272
0.015096
-0.010757
-0.006310
-0.012464
0.035289
-0.000028
0.021192
0.013560
0.006494
-0.034145
-0.015478
0.005488
-0.031452
-0.007301
0.029803
-0.033728
0.022019
-0.025063
0.007811
0.008393
-0.028649
0.007787
0.030880
0.003870
-0.023244
-0.034425
-0.015868
-0.035508
-0.032806
-0.009915
0.016433
0.017960
0.014997
-0.025546
-0.030173
0.014617
0.010095
0.026688
-0.007491
-0.019080
0.028211
0.012700
0.022077
0.032428
-0.030271
0.016211
0.034369
0.027417
0.026817
0.006511
0.000142
0.033836
-0.021371
-0.004647
0.002038
-0.008946
-0.003403
0.021839
-0.008785
-0.000540
-0.023745
-0.028021
-0.018249
0.026921
-0.017898
-0.012753
0.005870
0.027866
-0.021734
0.034047
-0.026883
-0.029191
0.011078
0.030863
-0.032432
0.016476
0.011405
-0.033732
0.008224
0.002553
0.008448
-0.027303
0.000720
0.022746
0.003719
-0.032911
-0.021869
-0.035353
0.024596
0.005015
-0.000223
-0.034817
0.012662
0.017197
0.027773
0.030433
-0.031225
-0.002026
0.022630
-0.017290
-0.003648
0.031416
-0.010812
-0.028239
0.026610
-0.007575
0.023906
0.002346
-0.005638
-0.003538
-0.030770
-0.032858
0.004828
0.005618
0.025556
-0.027122
0.008376
-0.031981
-0.026806
-0.002696
0.008702
0.008640
-0.001845
-0.014304
-0.009832
-0.009741
-0.019540
-0.005388
0.023901
-0.032578
0.012990
-0.015415
0.034507
-0.033491
-0.007985
0.025449
-0.005397
-0.019748
-0.007874
0.024634
0.012383
-0.002976
0.027444
-0.018458
-0.033026
0.017332
-0.009911
0.011019
0.021019
-0.001048
-0.027346
-0.005947
-0.028077
0.006478
0.015417
-0.002241
0.032405
0.031546
0.028040
0.020638
0.034637
0.005361
-0.030446
0.033475
0.007539
-0.002763
0.023255
-0.033527
0.013159
-0.020288
0.026776
-0.010127
0.012405
0.018551
0.007083
0.015047
0.000214
0.032841
-0.009603
-0.014436
-0.003876
-0.001280
0.015285
0.003715
-0.030472
-0.004967
-0.034194
-0.033735
-0.009089
0.029514
0.022572
-0.010121
-0.000794
0.027795
-0.012315
-0.028923
-0.010637
-0.024729
-0.026781
-0.033147
-0.009348
0.035663
-0.007606
-0.032612
0.018545
0.035147
0.018104
-0.016910
0.032319
-0.027168
0.004322
-0.007226
0.007221
-0.016061
0.032158
0.012418
0.014641
0.033632
0.014352
-0.030117
0.027477
0.001255
-0.004569
-0.008985
-0.006619
0.018785
-0.002239
0.018413
0.029725
0.006648
0.020935
-0.015292
0.006643
-0.022339
-0.012236
-0.010481
-0.022862
-0.029801
0.008278
-0.026212
-0.021300
-0.023069
0.002231
0.021590
-0.003461
-0.001280
-0.001661
-0.024489
-0.003317
-0.022977
-0.018937
-0.011509
0.013947
0.012163
0.015175
-0.028341
-0.004721
-0.022733
0.025741
-0.010665
0.019584
0.011007
0.009712
-0.009442
0.024336
0.033145
0.015746
-0.034194
-0.032325
-0.011646
-0.024737
-0.017955
0.000954
0.013162
-0.032034
0.033162
-0.023787
0.001974
-0.026995
0.008565
0.014666
-0.010263
0.032725
-0.007057
-0.033769
0.012231
0.000271
-0.002821
0.025167
-0.009657
0.022183
0.009082
-0.034319
-0.003774
0.035308
0.025685
-0.006298
0.015385
0.027160
-0.002954
-0.031929
-0.033246
0.014760
0.004694
0.015585
0.018395
0.002187
0.027467
-0.015300
0.010861
0.000363
0.035034
-0.035071
-0.002581
-0.007691
-0.033171
-0.026019
0.028249
-0.000324
0.034816
-0.017077
-0.013810
0.008229
-0.015728
0.018085
0.007869
-0.025711
-0.023881
-0.012415
-0.034220
0.008834
-0.008675
-0.031797
-0.012075
0.031688
0.019457
-0.029349
-0.001794
0.011255
-0.008980
-0.026602
-0.024051
-0.009615
-0.026004
0.009036
0.018363
-0.023506
0.018686
0.010943
0.011839
0.017833
0.029534
0.033698
-0.009607
-0.021862
0.016114
0.033931
-0.011905
0.027902
-0.014153
-0.010456
0.001067
0.012841
-0.006585
0.024661
0.008860
-0.022797
0.030981
-0.028603
0.024127
-0.013668
-0.019535
-0.035593
0.012386
-0.009870
0.009112
-0.004920
0.002292
-0.007871
-0.029646
-0.021538
-0.025707
0.035558
-0.023509
0.000355
-0.021974
0.028274
-0.001383
0.001790
0.020507
0.020134
0.027003
-0.014094
-0.002694
-0.015250
-0.025102
-0.029503
-0.002378
-0.029790
-0.022437
-0.013920
-0.007789
-0.006303
-0.013845
-0.031072
0.019495
0.030936
-0.000323
-0.013882
-0.012605
0.005700
0.000249
-0.002643
0.005589
0.012409
0.033381
0.019284
0.005014
-0.003671
-0.014594
-0.010148
-0.019206
-0.023260
0.011427
0.013769
-0.002842
0.021994
0.019935
0.030449
0.027873
0.033167
-0.019140
-0.015585
-0.008805
0.002684
-0.010988
-0.024979
-0.002049
0.024357
-0.003192
0.021015
-0.005611
0.032726
-0.017297
0.035646
0.009466
-0.019585
0.019261
-0.021189
0.012413
-0.031002
0.004332
0.028876
-0.018593
-0.019910
0.006976
0.014234
-0.033586
-0.008758
0.009014
0.029956
-0.011260
0.025543
-0.021298
0.015604
-0.007442
0.003382
0.026294
0.026177
-0.007929
-0.012567
0.011523
0.022128
-0.015509
0.029895
0.022105
0.029626
-0.025359
0.005698
-0.027232
0.022723
0.010364
0.012768
0.015930
0.027440
0.028526
-0.012763
0.006005
0.030610
0.014148
-0.020650
0.024897
-0.032780
-0.030776
-0.032070
0.018492
-0.002549
0.006981
0.009117
-0.012041
0.034720
0.032220
0.035151
0.021180
-0.018958
0.029377
0.007616
-0.025002
-0.031651
-0.022355
-0.016565
0.026740
0.023678
0.031872
0.007001
0.015449
0.024729
0.029908
-0.014215
0.019670
0.008387
0.000804
0.008898
0.011276
0.005697
0.012496
-0.005901
-0.032521
-0.016192
-0.032452
-0.008892
-0.017140
0.035436
-0.009410
-0.031629
-0.019191
-0.015702
0.011656
-0.008524
-0.011684
0.024970
0.010580
-0.020613
0.012979
0.006782
0.022058
-0.007240
-0.004157
0.016296
0.014214
-0.020156
-0.010985
-0.020650
0.024410
-0.035379
0.020716
0.001237
-0.005610
0.023864
0.020714
-0.002393
-0.020697
0.000000
-19.948851
51.072851
0.085473
28.023976
29.215165
6.807921
21.131064
-14.430435
18.195621
44.369809
164.896371
42.576459
16.888404
16.477129
7.065711
-7.052830
25.754444
6.566185
29.916897
14.782908
16.422863
168.928387
12.526335
27.398276
-14.405742
38.269576
-21.316812
32.248466
56.034043
-1.225206
22.313650
15.672683
168.143822
16.552590
17.269397
18.008110
6.256135
5.864535
18.998059
8.862450
15.474662
5.302502
1.917401
115.559453
28.193890
-30.494855
6.303572
31.292622
53.972258
13.635716
-13.586621
14.136188
27.567122
36.475776
167.483697
9.403794
59.860911
53.375482
28.500011
22.233903
-7.296495
-28.044758
40.193305
-0.010400
-12.515853
166.207142
6.493832
21.882010
24.274078
24.503393
22.947510
6.338511
8.904541
5.276326
10.181781
16.789650
146.780198
25.746127
-7.828840
2.092491
14.663136
19.714525
14.263751
24.539541
19.857124
22.417381
33.419657
168.803133
17.257753
51.634220
18.102176
-2.977904
31.068852
15.042547
14.995602
1.142693
20.814910
1.135915
168.321991
0.149640
5.288017
18.357727
49.179276
21.538117
4.050407
23.851424
16.398928
-0.586982
29.692748
167.258655
